1000
25 24 95
29 81 85
14 12 58
32 67 10
84 95 42
8 64 34
97 7 12
16 66 92
20 46 23
41 97 37
92 10 71
95 88 7
29 2 60
92 33 47
51 16 84
30 25 5
16 15 64
82 20 52
21 81 30
8 87 8
82 77 39
40 29 7
42 65 78
86 23 47
33 60 68
18 69 54
85 13 84
50 66 61
61 89 91
37 92 57
80 74 70
79 31 94
27 23 13
49 43 41
21 52 78
83 77 15
81 13 32
36 87 6
33 6 28
4 90 64
46 65 73
76 58 19
84 18 41
19 41 36
57 59 38
7 29 86
95 20 58
92 55 47
14 78 60
24 60 67
20 94 40
90 24 63
80 22 42
15 74 4
75 71 84
100 76 79
67 7 97
0 33 60
83 12 56
32 77 66
97 40 45
49 47 74
91 83 54
12 25 45
79 67 41
84 40 70
56 43 8
18 28 91
86 14 22
8 20 80
89 80 24
70 57 74
48 55 54
51 72 5
71 75 75
75 2 67
12 65 66
14 36 81
43 30 26
88 55 34
84 70 75
41 48 10
73 5 80
84 90 42
88 17 98
42 58 87
38 20 36
41 35 64
37 87 64
74 73 98
29 94 95
16 53 10
52 79 95
68 55 29
93 81 97
17 89 70
14 59 83
55 94 27
12 88 91
44 4 23
67 67 62
46 60 37
43 89 76
75 69 6
73 35 23
22 14 70
83 89 31
50 95 41
39 39 55
30 29 57
84 69 3
59 75 48
27 97 67
44 71 96
20 56 46
15 19 12
19 32 19
23 79 47
85 55 91
67 73 45
52 68 7
25 54 15
67 43 16
79 91 11
34 14 7
3 40 45
1 90 31
48 16 37
50 20 90
32 15 55
72 83 63
1 97 39
12 8 16
0 57 27
2 57 53
67 60 99
56 92 59
99 62 71
87 47 83
16 58 27
80 94 17
66 17 16
83 27 46
87 57 12
22 28 37
78 28 15
94 11 37
11 97 8
88 98 54
96 74 56
38 2 57
70 35 40
0 39 48
39 5 87
2 96 76
91 86 32
36 67 58
63 93 100
14 84 31
45 58 69
11 99 88
87 78 17
10 37 85
59 82 94
16 81 80
4 57 29
84 74 99
56 83 72
88 27 3
58 86 97
75 53 41
91 54 60
88 5 55
69 96 3
21 89 97
19 23 85
13 21 19
97 76 47
14 58 26
13 64 42
47 27 41
39 62 18
8 47 90
42 25 39
55 4 97
52 91 16
73 67 79
60 81 83
66 69 9
15 27 85
29 25 59
41 31 52
6 56 93
4 47 5
72 45 65
67 12 75
53 76 77
30 74 67
5 98 52
99 77 4
98 87 25
85 85 71
20 14 88
85 86 56
95 62 96
28 44 77
11 69 57
39 68 89
42 67 86
42 33 100
36 86 34
89 48 41
59 31 96
87 93 35
91 35 47
2 36 39
73 29 39
62 57 13
39 81 80
88 98 52
17 79 13
88 93 40
79 46 84
82 47 46
95 52 21
24 57 9
72 53 57
33 70 76
25 43 87
56 1 93
44 27 57
22 84 76
76 70 22
56 44 57
55 99 81
40 9 35
68 6 13
17 43 82
16 48 34
70 16 5
83 56 97
94 75 65
60 2 68
55 48 15
33 61 4
4 80 61
84 71 12
75 97 39
7 95 21
8 7 32
47 39 84
33 24 78
26 63 84
47 66 68
16 79 40
48 19 14
51 36 99
9 67 98
64 20 30
73 43 35
31 80 31
37 87 8
94 53 82
1 95 53
52 68 11
63 90 6
90 16 86
98 38 32
32 94 82
91 59 33
89 37 94
19 7 99
31 57 62
89 48 39
86 22 44
65 46 89
25 85 66
95 22 15
34 66 96
45 58 33
21 1 14
57 75 18
53 90 67
82 93 96
100 68 14
47 74 14
41 58 27
33 29 79
36 65 62
90 98 72
15 81 62
3 89 85
94 7 87
94 54 91
100 18 7
13 82 4
23 17 75
70 25 2
13 98 74
34 67 6
92 7 98
14 89 2
17 2 33
78 56 13
73 81 87
2 94 46
52 33 14
95 95 17
66 96 69
7 84 22
13 17 1
8 90 85
23 7 57
2 48 25
56 56 52
72 68 30
13 62 69
48 21 33
34 74 94
93 91 57
77 83 32
47 25 9
56 91 37
69 91 72
59 72 79
19 80 12
36 32 85
95 85 18
61 12 61
95 92 84
44 31 91
59 60 85
47 53 21
67 43 20
15 73 20
93 28 75
55 58 79
34 72 75
22 54 16
60 4 61
59 22 76
25 69 7
4 87 25
98 80 87
57 14 13
66 43 12
50 22 62
74 24 4
6 33 77
68 63 40
34 21 80
2 93 86
77 75 10
37 54 52
7 79 5
3 53 40
87 70 20
7 72 10
72 98 89
78 31 43
68 13 87
86 82 81
86 25 64
77 65 16
41 87 80
79 4 33
98 28 93
41 12 92
44 5 97
25 23 43
60 29 94
64 88 26
57 41 42
6 10 20
50 45 96
44 33 42
99 10 38
49 35 2
5 20 37
68 23 60
27 23 72
28 88 81
76 87 22
36 4 21
8 59 6
34 16 89
0 65 91
77 88 1
96 55 72
83 88 33
48 86 21
76 85 40
33 20 79
85 73 67
51 66 33
17 32 44
9 77 77
100 64 45
54 7 5
53 5 47
67 60 11
35 55 45
21 17 22
53 86 23
0 92 67
53 6 61
85 71 33
97 10 17
60 24 94
36 12 28
64 25 83
100 6 94
80 2 41
0 99 43
47 32 85
8 31 78
25 17 18
53 46 81
10 36 76
35 35 60
23 1 19
54 36 40
94 6 97
0 20 21
52 72 19
28 100 1
4 17 11
99 70 27
93 54 6
60 98 27
19 77 72
51 52 94
89 42 1
46 83 61
73 79 96
18 18 95
12 39 71
84 58 56
3 83 27
56 30 6
2 35 88
32 27 27
90 76 61
67 19 16
100 39 9
16 5 23
82 56 91
84 48 1
65 88 97
12 83 57
77 46 25
24 8 15
36 98 30
28 46 55
97 48 53
49 32 95
32 60 75
34 29 29
60 5 38
1 23 57
29 72 80
72 40 83
60 83 20
75 52 73
11 30 40
32 47 87
35 45 55
94 73 33
30 17 52
84 98 25
39 42 75
74 3 72
22 75 38
99 91 5
92 67 54
18 13 17
10 34 81
18 22 25
38 68 94
29 16 45
36 54 38
98 29 77
40 47 81
77 23 24
46 13 25
28 75 45
64 15 25
60 57 42
61 88 67
4 62 87
85 9 98
90 69 64
4 86 31
71 59 9
33 58 9
67 53 15
44 7 12
45 39 23
83 83 38
51 76 26
35 72 76
30 61 23
98 6 75
92 82 14
31 9 91
58 20 22
33 34 86
62 87 92
64 16 62
47 12 95
61 65 100
54 6 54
83 21 71
52 20 71
51 16 83
11 83 30
91 25 16
70 15 34
74 13 7
72 73 82
15 87 67
35 43 32
80 78 67
1 42 57
23 21 97
42 33 8
62 59 95
32 98 7
16 86 48
28 14 70
51 61 95
12 55 55
22 2 57
87 21 91
53 92 12
76 5 76
4 92 13
66 75 25
11 78 3
16 39 79
10 67 92
64 85 30
43 9 84
33 55 85
11 10 80
68 45 5
57 58 89
15 28 37
67 23 25
13 99 9
20 56 69
86 89 75
72 21 28
77 76 20
63 42 23
94 41 86
89 74 71
67 45 84
71 28 11
98 57 37
98 39 27
80 32 67
17 69 21
100 31 11
2 20 12
53 48 15
89 8 11
0 10 42
63 4 15
92 31 9
7 33 36
49 60 88
57 76 70
55 71 46
78 12 41
61 29 41
49 42 78
90 48 65
8 58 1
18 66 28
46 74 16
89 99 82
84 1 80
53 48 96
19 13 36
46 100 80
100 87 47
14 72 37
13 9 61
42 8 52
11 32 65
16 10 4
13 69 20
85 85 34
35 22 38
41 54 55
67 14 93
66 20 11
52 36 12
75 76 37
78 13 34
88 17 100
73 66 59
34 85 73
90 14 81
80 65 25
64 76 28
53 52 65
22 97 31
2 47 93
100 97 2
96 10 58
44 88 41
16 97 9
77 89 75
98 13 29
42 13 34
56 57 34
64 38 29
44 52 32
13 78 5
63 74 95
16 93 89
18 57 73
70 91 100
75 9 23
20 28 98
69 44 38
76 10 62
55 32 37
75 18 15
19 8 1
31 9 89
96 31 25
39 72 57
12 72 15
66 98 21
96 23 79
31 9 97
96 80 66
48 52 2
33 56 65
35 29 87
17 52 13
41 97 68
62 17 79
39 62 19
99 35 58
20 60 75
54 69 77
19 38 41
10 86 69
30 5 25
78 23 25
79 37 2
99 58 92
26 92 27
55 2 71
60 68 69
35 9 73
11 92 53
87 12 14
54 83 44
9 67 78
79 74 13
16 86 46
54 8 62
62 48 83
56 84 29
13 62 100
83 25 47
6 45 79
10 5 43
6 54 76
43 41 16
85 33 65
52 90 42
84 75 56
15 81 30
78 84 95
57 27 68
97 87 65
70 44 46
7 84 93
85 93 63
4 84 60
55 3 20
100 89 76
3 96 47
87 28 17
87 20 40
61 55 7
61 71 58
79 48 79
41 62 75
81 40 43
37 3 58
0 89 69
19 77 96
26 7 46
57 64 92
87 22 56
95 21 59
7 52 33
18 75 3
89 86 90
99 97 98
12 59 63
42 35 78
67 94 53
20 41 6
97 44 64
55 37 9
8 2 87
64 96 55
100 60 84
4 64 60
28 9 52
90 77 46
11 72 92
16 43 68
9 3 8
10 87 38
31 46 91
13 46 10
51 82 15
21 66 14
54 28 31
69 18 21
38 18 74
72 82 11
55 68 37
93 6 84
43 44 59
48 64 69
19 61 77
31 10 68
80 46 30
93 61 47
84 63 8
7 55 65
69 39 59
13 45 52
67 77 35
28 53 36
44 52 32
50 42 68
16 20 69
82 86 16
93 5 46
72 84 72
25 63 58
52 23 15
82 55 91
65 81 74
58 18 38
61 30 32
10 55 4
35 64 17
24 26 19
14 60 30
97 69 86
70 67 75
47 88 38
90 70 34
2 72 59
53 85 73
5 4 81
86 15 32
8 92 17
61 38 36
48 48 69
23 65 87
16 81 32
26 57 61
92 80 87
12 24 3
63 18 95
99 99 99
100 1 1
13 63 44
46 13 17
55 71 19
100 45 18
10 22 75
21 99 3
40 32 40
49 79 11
58 85 42
58 12 24
45 24 7
43 97 35
15 48 19
87 66 72
38 10 22
83 77 98
81 58 33
92 4 28
33 69 55
13 55 55
100 47 93
91 2 11
95 85 81
23 3 100
33 18 17
75 68 11
38 27 52
8 3 76
25 25 97
82 79 96
2 21 41
32 74 85
8 100 13
38 6 39
49 86 5
50 58 100
16 35 59
0 15 62
78 22 46
43 82 22
75 83 75
100 91 42
90 93 62
25 18 17
60 38 13
16 54 82
25 47 39
46 60 87
7 56 41
79 48 76
69 26 21
78 92 39
97 16 13
10 33 33
79 29 41
7 78 53
15 40 98
8 44 91
6 12 13
93 79 38
46 4 73
97 58 73
96 46 9
47 68 48
4 78 15
91 77 4
89 41 20
27 61 19
22 45 39
19 67 40
13 28 46
58 27 76
46 59 25
13 68 39
93 40 71
35 87 31
0 55 55
53 77 48
55 47 53
14 19 22
5 74 9
12 71 89
52 29 5
90 63 36
57 75 37
2 86 38
1 87 71
81 16 88
71 76 48
100 91 95
71 52 15
18 89 10
20 73 91
75 63 74
65 34 26
81 64 70
66 25 14
77 61 9
1 94 5
71 28 4
78 3 72
75 36 52
59 8 29
44 95 98
32 96 39
84 58 8
79 100 64
89 11 13
35 8 16
13 15 75
20 11 46
9 72 95
82 45 77
24 1 68
79 20 6
75 23 60
56 35 42
91 10 57
10 72 100
90 37 82
31 83 25
43 24 79
85 2 99
74 9 58
33 17 14
88 45 37
88 56 9
5 100 52
57 38 52
100 9 27
29 71 99
38 87 35
92 38 94
5 77 17
46 71 15
93 62 88
27 65 77
65 48 46
45 24 72
69 25 52
23 100 5
94 62 11
54 70 59
23 58 58
52 69 42
96 67 6
98 31 67
24 57 38
34 10 100
58 91 89
88 58 41
75 33 74
20 18 1
90 22 23
82 89 7
81 69 83
84 38 75
29 21 13
28 58 46
6 90 7
79 7 62
100 6 31
48 100 7
6 97 77
34 44 71
4 8 40
97 44 60
21 84 62
9 10 84
4 64 27
51 22 21
52 56 84
38 15 17
92 40 17
96 33 27
42 63 85
61 87 41
10 28 72
58 90 100
41 85 26
78 12 26
67 3 26
74 27 60
2 100 54
85 12 5
81 38 43
25 60 20
77 18 99
76 77 73
66 90 100
49 37 81
28 43 83
70 93 6
99 8 47
33 84 61
97 70 4
85 73 70
38 13 28
75 28 25
10 34 82
86 67 92
2 76 15
23 68 11
36 41 40
77 21 90
80 53 38
93 21 57
70 88 73
60 86 100
7 54 41
74 32 14
17 46 54
37 13 100
95 44 79
90 67 82
57 87 8
96 95 29
11 5 82
39 5 38
38 100 15
