1000
60 83 20
4 86 31
22 2 57
22 75 38
17 52 13
41 48 10
95 33 26
49 32 95
93 28 75
55 68 37
56 91 37
100 35 40
11 99 92
69 96 3
100 66 7
91 77 63
43 9 84
49 78 52
78 21 43
34 92 25
80 22 42
21 88 44
19 78 93
28 11 21
58 58 81
85 73 67
57 71 100
66 96 69
17 2 33
9 100 8
47 68 48
70 70 72
30 83 16
100 17 30
4 84 60
60 98 27
91 2 12
55 65 61
91 54 60
81 4 75
38 42 11
37 92 57
32 77 66
99 99 99
90 69 60
65 88 97
18 95 60
95 20 58
82 86 16
29 25 59
32 67 10
32 94 82
96 2 72
55 36 81
50 91 58
76 7 28
38 3 52
25 60 20
76 77 73
34 15 71
16 79 40
43 97 35
93 92 92
76 45 72
16 35 59
19 38 41
20 46 39
58 27 76
40 87 59
65 42 19
13 98 74
91 59 33
55 99 81
87 66 72
10 87 38
67 14 93
30 5 25
0 39 48
43 58 83
34 9 32
32 81 7
25 61 69
2 98 62
45 94 28
17 43 82
84 5 4
11 83 30
44 33 42
88 55 34
21 89 97
37 33 18
48 46 58
99 62 71
93 73 82
48 77 79
91 88 3
29 72 80
97 16 13
32 96 39
28 74 83
72 36 27
6 26 84
18 75 3
80 33 25
46 54 18
37 29 63
97 87 65
92 33 47
32 98 7
94 73 33
73 93 3
54 70 59
15 100 82
65 83 43
90 22 23
70 16 5
12 39 71
37 13 100
16 88 96
69 74 98
16 53 10
35 8 16
41 26 27
39 62 100
84 32 46
40 29 19
38 96 19
37 73 10
53 52 65
91 25 16
28 14 70
12 65 66
38 8 35
90 76 61
38 55 3
72 73 82
4 11 83
73 6 68
89 37 94
66 98 21
44 19 7
30 64 33
6 56 93
5 74 9
51 7 31
60 5 38
63 47 47
61 6 25
85 33 65
47 25 9
49 97 30
3 83 27
97 48 53
38 86 11
96 46 59
82 79 96
97 37 34
76 41 73
97 70 4
1 95 53
96 46 9
17 42 4
75 30 25
85 93 63
92 55 47
56 48 75
17 6 40
74 35 91
51 16 84
50 78 61
30 57 67
46 83 61
53 89 74
72 69 8
76 47 70
23 17 75
63 73 6
53 22 1
31 43 35
98 31 67
93 21 57
62 57 13
21 6 39
35 55 45
50 45 96
96 31 25
35 35 60
90 69 64
90 78 19
47 12 95
38 27 52
14 89 2
14 63 94
27 63 72
84 98 55
10 67 92
83 88 33
43 89 76
98 80 87
58 20 22
38 15 17
19 95 1
25 93 2
75 31 59
57 87 8
22 89 58
6 54 76
48 38 28
65 89 98
38 87 35
94 13 95
23 36 86
95 22 15
55 37 9
3 31 48
20 56 46
64 38 29
89 48 39
47 88 38
32 14 83
57 26 71
28 9 52
50 20 90
12 83 57
33 24 78
39 94 64
37 2 41
55 71 19
97 40 88
55 82 21
47 39 84
14 59 83
6 90 7
44 27 57
20 60 5
76 86 17
11 5 82
75 40 70
68 45 5
14 12 58
48 55 54
85 84 21
85 12 5
28 44 77
87 20 40
69 3 81
100 37 76
100 89 96
96 67 6
67 67 62
97 81 53
85 70 9
50 65 61
60 38 13
87 37 94
24 60 67
45 12 15
67 73 45
78 28 94
18 13 17
91 86 32
72 21 28
96 97 9
25 12 74
9 70 2
25 68 86
100 33 89
27 61 19
12 59 63
55 55 17
17 89 70
40 67 34
58 20 9
88 45 37
82 32 14
2 20 12
48 19 14
79 46 84
23 7 3
56 61 7
42 8 52
83 53 23
51 39 32
50 66 61
100 31 11
10 5 43
56 30 6
84 58 8
60 2 68
44 65 58
87 22 56
75 71 84
37 59 59
81 45 30
0 68 90
99 60 89
37 87 8
4 17 11
95 29 87
1 7 59
79 7 62
66 20 11
12 8 16
10 55 27
85 71 33
4 57 29
83 15 78
18 22 25
13 55 55
88 56 9
67 53 15
82 47 30
14 10 10
96 28 17
99 77 4
91 24 30
72 84 72
66 69 9
34 68 35
43 48 99
72 68 30
59 83 100
40 5 31
47 2 34
86 23 47
35 45 55
13 42 34
82 98 10
16 58 27
22 28 37
55 71 46
13 82 4
2 64 93
19 71 93
70 35 40
84 93 54
52 79 95
99 8 47
99 97 98
84 53 47
20 62 88
73 32 97
14 65 87
75 28 25
17 26 74
100 1 1
86 15 32
49 47 74
4 99 54
62 59 95
0 55 55
45 39 5
87 15 84
90 67 82
99 70 86
55 84 13
11 30 40
20 2 14
19 57 99
75 83 75
25 23 43
76 27 10
30 9 85
37 17 62
86 98 75
21 80 63
87 47 83
28 89 30
45 19 56
20 28 98
78 12 26
59 75 48
10 33 33
58 18 38
11 45 87
7 55 85
75 23 60
34 5 87
93 26 48
59 89 41
16 58 42
79 20 6
17 63 22
7 79 5
49 42 78
3 40 45
32 46 61
31 90 6
28 46 55
82 28 71
41 32 82
70 44 46
23 3 100
90 63 36
8 13 21
79 48 79
24 26 19
4 78 15
63 53 74
56 43 8
96 80 66
84 24 17
75 63 74
100 55 38
74 83 52
60 24 94
79 91 11
36 54 38
69 11 77
57 64 92
51 57 31
25 47 39
38 91 22
19 8 1
61 71 58
41 5 75
93 5 46
91 63 85
20 41 6
27 5 38
23 89 93
50 22 62
10 32 14
2 21 41
67 95 83
1 42 57
79 87 63
78 28 15
4 62 87
64 96 55
19 54 59
13 68 39
93 73 87
78 12 41
94 24 53
38 2 57
44 68 69
68 88 23
66 43 12
66 89 30
53 28 74
79 37 2
72 96 80
53 48 96
66 96 69
74 27 60
91 2 82
69 18 21
28 75 45
78 3 72
2 67 55
98 13 29
74 3 72
13 15 75
80 2 41
31 40 41
37 3 58
58 91 89
20 46 23
46 13 67
100 64 45
59 30 79
30 15 68
67 7 97
97 10 17
71 59 9
51 46 69
84 98 25
16 74 2
49 34 10
12 85 59
18 75 8
52 22 97
76 87 22
45 3 87
100 76 79
10 72 100
20 46 63
0 99 43
46 4 73
77 65 16
79 6 20
10 34 81
95 59 36
63 74 95
31 83 25
7 72 10
80 74 70
88 40 84
3 89 85
20 24 95
87 57 12
95 23 15
67 58 20
27 65 77
29 35 24
13 64 42
97 88 98
2 94 46
41 54 55
45 38 11
36 64 15
74 77 38
35 97 48
24 98 37
47 52 75
15 48 19
23 34 79
23 60 91
3 38 18
29 11 42
86 25 64
0 54 4
73 4 82
87 37 36
44 62 13
13 45 52
16 20 13
5 77 3
45 39 23
52 90 42
53 6 61
52 20 71
75 9 23
71 83 38
16 46 80
0 32 79
31 10 68
57 76 70
12 55 55
19 87 86
79 13 6
73 94 6
26 57 61
25 17 18
74 9 58
78 92 39
56 56 52
21 81 30
92 80 87
4 64 60
100 28 10
100 60 84
83 45 78
85 85 34
51 26 61
5 36 8
8 3 76
82 65 54
48 16 37
97 69 86
22 15 99
33 56 65
88 64 68
14 19 22
1 74 53
58 63 62
82 97 70
51 65 58
45 83 96
41 67 73
59 22 76
7 55 65
69 96 28
60 81 83
24 8 15
17 8 18
43 82 18
71 28 4
93 62 100
83 27 46
93 24 72
94 29 61
19 15 33
4 25 17
94 41 86
17 69 21
81 64 71
11 60 98
31 46 91
52 69 42
57 85 91
34 78 21
24 57 9
0 57 27
48 39 20
62 48 83
6 97 77
5 66 37
73 79 96
52 33 14
87 12 14
1 45 6
77 83 32
27 6 1
100 98 41
100 84 72
17 36 76
67 12 75
48 69 67
58 86 97
56 57 34
11 32 65
18 89 10
77 76 20
24 29 11
22 41 17
1 23 28
74 76 22
64 15 25
93 54 6
18 57 73
6 23 99
37 21 1
85 96 27
81 14 29
87 81 48
7 83 47
53 85 73
29 21 89
27 39 58
13 78 5
22 4 96
74 32 14
63 5 13
29 90 66
51 82 15
48 59 23
45 54 78
2 32 95
85 9 98
4 38 5
3 82 67
81 88 84
99 41 62
72 9 77
26 91 40
79 48 76
56 22 38
36 61 83
87 28 17
36 67 58
24 57 38
28 95 81
73 81 87
91 61 19
21 60 67
90 72 20
44 88 41
25 65 34
87 78 17
57 58 89
75 79 54
30 74 67
76 78 55
97 7 12
32 60 75
83 83 38
45 4 63
31 32 20
36 22 35
5 92 68
0 10 42
64 76 28
0 2 42
46 74 16
84 79 48
88 27 3
11 73 54
81 58 33
12 72 83
60 29 94
26 2 42
34 85 73
67 43 20
9 77 77
28 96 15
90 47 68
68 31 60
51 22 21
22 97 31
84 90 42
52 60 75
38 10 22
45 61 96
34 21 80
5 34 58
35 99 22
86 41 9
86 89 75
12 3 26
72 17 12
27 81 7
17 55 29
27 56 28
66 16 67
66 17 16
89 8 11
57 75 18
50 36 93
1 90 31
51 76 26
61 34 14
28 37 95
0 20 25
83 56 97
16 10 4
18 28 91
57 28 81
23 66 83
58 36 22
31 80 31
34 78 66
36 32 85
92 82 14
95 85 18
67 5 11
25 2 9
88 58 41
6 54 76
55 83 24
2 36 39
54 31 99
75 52 73
9 78 90
79 8 72
99 8 69
57 14 13
19 77 72
14 58 26
75 68 11
29 42 62
53 46 81
92 4 28
9 72 95
98 83 39
22 21 46
85 13 84
82 87 30
28 100 1
83 81 21
72 40 83
1 87 21
35 81 8
34 99 40
80 66 44
98 96 13
68 23 92
1 97 39
91 65 22
13 9 38
10 36 76
81 69 83
93 68 55
33 84 61
40 31 94
34 67 6
52 58 41
39 5 38
59 78 24
39 43 22
22 84 76
35 71 80
46 65 73
81 3 94
54 36 40
9 10 84
71 81 41
75 46 17
15 90 92
84 69 3
79 70 92
59 82 94
28 81 52
84 79 64
42 62 90
77 18 99
27 23 13
66 90 100
19 7 99
16 39 79
4 47 1
16 15 64
31 3 8
14 46 40
77 88 1
17 31 57
36 12 28
16 11 38
62 46 1
87 93 35
26 7 46
61 30 32
22 14 70
70 100 38
88 17 100
49 2 81
13 64 55
0 27 62
23 74 80
28 2 36
7 21 17
52 36 12
41 85 26
75 91 13
89 11 13
63 43 23
34 72 75
82 45 77
56 1 93
88 76 98
8 61 41
66 22 24
5 95 26
33 60 68
97 61 94
21 61 42
98 38 32
15 73 20
100 54 94
28 62 38
65 19 26
86 82 81
79 26 26
7 84 93
3 66 73
96 33 27
16 48 34
64 70 73
97 96 54
100 90 10
95 95 17
16 66 92
23 68 11
93 62 88
8 88 1
21 63 84
80 65 25
3 22 39
75 37 68
95 52 21
61 11 61
52 71 98
0 89 69
8 20 80
7 29 86
100 6 94
34 72 48
32 47 87
28 88 81
24 100 35
42 33 100
86 67 92
19 77 96
70 57 74
35 68 35
26 54 1
19 32 19
61 55 7
49 48 55
100 84 31
37 87 64
88 17 98
18 56 55
13 21 19
64 16 62
42 91 58
46 38 10
97 24 78
2 77 57
76 23 47
55 58 79
20 71 63
57 59 38
61 58 61
100 91 42
32 43 54
7 78 53
0 65 91
98 87 25
80 94 17
46 60 37
54 84 77
29 16 45
23 7 57
89 41 20
1 54 73
75 69 6
6 33 77
7 52 70
5 20 37
3 98 22
26 92 27
87 63 13
36 41 40
45 24 7
72 45 65
5 77 17
13 47 81
39 62 19
61 63 52
43 24 79
21 52 78
72 15 93
84 18 41
54 86 32
0 20 21
19 25 7
14 36 81
20 73 91
62 24 38
29 71 99
44 31 91
61 38 36
28 58 46
62 90 75
42 67 86
68 63 40
98 41 60
31 11 66
14 72 37
52 27 39
50 58 100
7 68 97
8 2 87
38 4 40
79 4 33
38 31 43
97 44 60
34 26 6
62 18 5
25 69 7
60 52 78
55 82 52
34 27 91
63 97 5
45 58 33
100 63 3
71 86 34
77 46 25
80 78 67
76 21 60
2 76 15
51 61 55
18 18 95
100 89 79
61 95 87
33 20 79
46 100 80
100 18 7
74 92 31
90 93 62
2 72 59
93 91 57
47 85 3
88 98 54
90 16 86
42 12 84
17 78 67
34 54 33
89 80 48
64 88 26
79 88 11
54 84 33
38 6 39
79 69 11
37 56 98
90 14 81
11 45 47
74 86 76
41 31 52
33 34 86
89 74 71
73 41 26
75 96 31
35 55 63
47 27 41
93 61 47
41 87 80
93 8 68
42 4 54
40 58 61
5 47 66
30 25 5
23 100 5
33 35 34
47 88 70
8 78 93
95 11 94
42 65 78
68 23 60
55 77 36
98 85 64
55 4 97
54 53 91
22 20 89
19 90 69
76 82 99
83 77 98
87 37 39
