100

1 6 8
3586
229 1578 5133 5543 9426 3671
6388 8177 2490 7736 340 1711 1835 6463
10
10372080 4985133
28241154 35616280
19877198 28398856
44101690 11743515
3867906 17882640
13164206 536520
10248260 15851650
821194 13802070
821194 10080264
18406938 1248140

9 6 3
5911 3599 963 4840 268 7293 8745 6061 8486
5661 2516 8600 8230 1089 5635
4247 860 6320
10
48647530 10685452
52124600 4846100
1402240 47936772
1276080 5249724
22002420 52013600
47818610 2163760
70548816 43431552
39833200 4624983
19180042 9706503
19108887 398125

5 6 8
3904 122 2845 7350 4988
5887 5846 4160 4238 9456 9248
9797 9454 9569 6952 9559 3722 1472 1186
10
17888388 16673166
29364356 34421056
16254045 53555216
49169210 39842460
39775590 527340
30576000 88494112
9643700 24743394
47166528 55268084
12057110 6933356
26902320 28920320

3 7 8
4509 6764 6403
3485 357 1839 3604 3828 5618 2804
7685 8548 6439 2974 2923 3130 6134 2360
10
12438996 3051636
8292051 29418180
10749060 16591076
16250436 5469186
778120 85130776
25331562 18054956
35972054 2298723
19595950 29667267
773110 9939972
21088020 6771388

3 8 3
7081 1865 4131
5028 3605 5363 9858 973 2149 9540 6938
5950 1278 5530
10
40723398 19935650
10001995 5380690
28660878 54514740
35603268 54514740
31959648 73888000
32539626 7013536
49127978 5380690
23800320 11787080
42276066 14457432
6073748 5327426

5 7 5
2599 891 145 189 7385
5474 177 1411 6190 432 4364 7408
4317 5023 6268 5538 141
10
897550 46433344
4877334 8844148
84471824 6026712
80175492 3691170
15235332 13278055
1307145 37210384
19253392 24167832
40425490 1109436
51568293 2529380
21222600 25307100

9 5 4
3351 936 8671 7391 6984 8067 7076 2289 4240
8356 2177 9216 6290 286
9591 8921 6284 3183
10
14397810 19421017
59127056 88390656
5499228 39249408
23529597 29423520
21095424 20879607
7821216 20879607
36980544 61003008
16121344 11093247
70147953 38079030
65212416 80142396

2000 2000 2000
4535 8746 9201 7945 9121 3610 2586 6870 7053 4225 6392 8012 3073 6270 9835 9094 734 9959 9065 2506 6393 902 7028 4929 2922 5732 1390 3270 5979 1006 2015 428 9688 279 8332 7936 3860 9944 4792 9914 3276 202 7050 5377 6447 6879 4470 7126 6835 2632 8649 3195 3485 4790 8024 6319 437 8462 9480 5496 9404 567 5007 8213 826 3320 6147 3750 2370 9939 2772 4687 130 9709 9948 5677 5707 3525 1882 2507 6076 9568 4741 8570 4353 1849 4881 3869 9347 3470 9249 7874 3110 4251 5205 3002 6594 1298 6655 7988 316 8444 2646 9519 7277 2592 5190 2959 5156 6989 4502 1175 6549 9124 9678 9905 15 3674 3770 8478 7049 2116 6354 9167 5397 598 2155 1054 959 7838 8974 1251 6281 697 9819 3536 3243 5005 6408 8295 1052 841 8517 6657 9031 7322 6559 8162 938 9331 6641 7048 520 2073 6208 5884 2631 8266 5989 3543 6103 4075 3846 1449 4720 3662 4917 7679 356 4392 7787 254 2898 4432 9254 126 927 6539 125 9320 2264 7152 9797 3386 2450 4791 5940 667 9779 8486 5838 3849 1413 6338 8457 4128 1199 5436 1770 622 9470 854 1706 3007 9171 913 2995 5709 1023 2303 7008 7232 1195 308 9578 5042 5330 9313 4818 2923 4268 7678 4278 522 6132 8290 784 612 9095 465 9394 7688 1290 1082 632 9514 1056 3584 4334 1139 5803 1286 8300 6051 1570 7003 1029 5948 5428 4900 8762 9577 2553 3021 9175 7710 360 9027 8268 8541 9450 6787 6227 9789 7802 6810 9297 7913 306 3625 8980 5199 3964 6405 276 4578 3377 368 441 7821 5236 9159 6518 6815 1266 5691 4510 694 3828 1864 9182 2379 8559 4526 2163 5482 1280 531 3376 656 4115 1441 4921 7095 7768 5169 1631 172 5500 1138 7971 9735 9351 4476 6546 9667 9168 69 340 2986 1022 8607 5284 9522 3118 6480 4116 3450 6966 6512 3175 94 7878 7996 7171 5633 3145 7839 4902 8536 8905 2855 8275 8254 6358 3934 5520 3987 6474 7520 4068 5076 1891 2691 7216 8278 6715 9676 3200 2850 4433 108 792 1560 4844 3891 8438 9630 1515 7344 2478 8832 4712 7854 2748 1714 3353 5763 8099 9889 9711 1772 2398 8503 9965 8134 8181 4317 385 985 8632 480 1744 9236 5282 4677 7676 4029 5012 5535 4060 8724 3367 5834 5751 1546 6698 5630 333 8869 2701 7372 6410 785 4669 649 225 5594 9232 688 6381 8466 5040 62 6139 8948 168 3590 8349 7992 6862 4174 7464 2577 5644 4152 8113 5067 2112 4546 7668 8509 889 7516 3161 1504 7720 7776 9778 7470 4138 7367 2485 3295 2597 498 7601 1851 4048 9756 9997 7224 1593 4762 1328 9622 9707 2493 3277 6498 965 3113 4078 4666 776 1816 3554 8190 4992 866 9698 8184 3414 9272 4897 5192 3310 4063 3220 9842 1234 4746 3716 1620 3479 2526 4046 5786 8920 4953 8038 3558 1852 9766 7018 9079 4757 6942 7899 2031 9364 7172 5967 3667 408 6686 7627 2708 5643 8785 6482 9245 9444 8967 1757 2588 3866 9713 7444 2757 816 6224 1734 4367 2323 781 8130 8292 7748 9190 7657 4905 5152 364 4398 1797 7955 5859 2578 5721 5293 618 6514 6913 4436 5343 4348 6218 6107 8833 2408 6880 3182 3776 7604 361 1141 5338 9518 4665 9053 3639 5498 6125 9655 1937 1940 1332 6693 6273 1008 2291 3155 5383 7543 6527 650 2747 4474 3015 6680 5817 6239 7009 6891 623 4728 9822 205 2886 2566 4797 8026 2211 5771 9878 2595 2432 5264 3553 3766 7438 348 3956 8548 3063 8318 628 1678 4108 5516 6955 2372 7524 6630 6130 6471 6809 8031 8055 652 6056 9296 6378 5050 1878 7828 217 4473 1555 6755 2402 1875 637 9976 3982 8027 597 5584 2105 6066 2217 7462 9054 8752 2688 4634 4675 669 1776 5275 5794 774 1984 8469 39 6383 9945 6785 7803 912 4838 4511 8323 9420 5650 3492 1011 6902 9969 5645 2650 2867 2390 4571 3710 8083 4681 4358 8800 6584 1915 8830 2041 951 5610 9750 1826 2066 7518 5704 5613 4956 5121 294 7463 5188 7162 7428 4307 1888 9104 7075 273 1470 3954 8596 5320 7399 9143 5346 2954 40 2696 955 1124 9235 6597 5790 4187 765 1615 5904 2299 8082 96 4121 7188 6276 4365 8576 6918 7328 7180 1306 4636 3686 2219 2889 8043 5097 2025 7697 2934 8175 6930 3069 134 9251 9010 825 4266 371 8852 3456 3573 6033 9620 3723 5654 4272 9909 6888 7918 9009 9821 4101 1840 7767 852 3818 5056 6847 2340 8019 6960 6152 6851 4882 5606 5697 8235 9066 780 6981 6016 4452 1710 9288 4356 8504 7204 6964 6639 7026 6726 9740 7898 3592 579 1682 7661 7376 3960 4794 3436 198 5547 4986 5823 4606 5714 1881 52 8909 3509 1113 5229 9485 7684 1323 5322 7418 9141 8802 7080 793 5583 3555 3816 284 6898 7405 6189 5876 4855 1120 742 8468 5891 8088 5048 6021 6119 8449 7071 1295 7058 3857 2344 1227 8228 1545 4872 4408 5127 7692 1779 4435 2980 6688 4040 7375 6766 8928 8976 3970 4112 9964 2397 204 1254 8472 4036 2878 9844 4316 3614 20 4207 4004 3324 8499 9014 32 9316 2547 5125 801 6065 1575 6632 4989 512 519 8844 4579 478 295 796 8733 2739 2085 6261 7713 3653 9474 6002 7099 9728 6024 6416 2268 8042 1486 2135 4098 3008 8670 8094 9145 6058 6198 8703 6322 892 8564 4167 7760 1270 1827 9747 6586 8569 2505 187 8406 3125 9015 3537 8549 344 9081 4689 1173 1866 3708 8412 9790 6241 3258 9744 4802 7324 7494 5126 9062 6369 1664 7634 8768 6754 6922 6297 9770 9718 7439 5358 341 6522 5962 7626 6105 5025 1285 3627 1944 144 9752 5131 9868 3664 1527 6486 8672 552 1926 9375 7265 655 6128 3280 6020 5016 8224 2429 2680 4286 8850 8535 8285 5592 3753 2404 5930 7278 4284 6049 6149 9291 5034 8818 794 1465 7492 406 3335 5991 6753 3058 2078 9047 8970 7010 6399 2933 8455 8972 7118 6430 6633 4515 1974 9389 6828 6938 5787 2962 992 7893 8381 8400 6366 8749 803 2318 4615 2928 4330 974 9932 3854 7915 8022 909 3762 5365 5341 3142 1261 2245 7947 1369 4250 8874 9815 1210 8614 8194 9542 4972 6063 9408 6324 9680 9653 2359 9987 2362 6096 1302 3158 502 6575 5335 1731 7847 3262 2157 2062 1218 1963 3219 9763 9191 1858 4370 1252 4045 2628 8826 6398 4033 8810 8653 45 5829 8062 5250 7061 266 5710 2725 5574 6483 508 7851 1644 8994 454 7884 8726 6572 790 3082 6876 9911 8519 8732 2510 2533 6665 214 1677 2463 7374 7613 1633 315 2270 800 6565 8141 6100 6019 4821 1870 6924 8652 5782 3048 7179 4596 9609 196 3901 358 1742 7169 7890 8712 9597 75 6740 9468 9208 2392 950 7350 8392 7113 2462 2305 8895 8238 8252 6670 4009 3832 7526 4031 2546 6822 7824 2877 8475 8977 9060 6920 6865 6896 6513 6045 2727 5975 5249 5041 5986 4072 3876 1045 2283 2102 7652 5326 2422 530 1938 6365 2150 8666 3283 4947 6268 2244 3112 8135 9898 9565 4171 2615 4655 8422 6683 560 21 9107 2705 3198 2975 2812 4525 4118 388 9729 5570 9961 1662 987 9368 4218 6087 5631 6382 9089 7811 3618 8108 6806 170 5221 6432 9786 4652 2487 7449 6646 1041 695 759 6212 3760 1480 6258 5784 9897 391 926 5529 5854 9957 2431 9354 7186 8825 6157 6932 3336 8756 4731 7886 296 1253 4521 4598 2249 4285 2966 9498 1126 3494 5752 6843 3387 6104 7708 7930 1914 6783 290 334 3955 8203 6459 818 6300 6831 1514 4429 1824 3751 8034 4010 7925 5444 5999 6503 9381 2253 3317 7385 8333 5941 9086 8628 8896 7292 4198 8778 3572 968 1975 7633 1541 1131 3305 4880 9093 6345 3648 8341 770 542 2495 1395 7452 448 3068 5467 6821 6292 4240 9399 6321 5254 6153 7782 6388 7214 117 5422 5559 2158 8956 7774 442 8109 7610 28 514 116 7032 2973 586 1010 3549 6892 8848 8151 6289 5160 3392 8638 2125 9045 3166 6718 1208 682 9247 2049 704 9714 1250 6801 1786 1805 1874 9834 8675 2416 4074 2942 4842 5512 4891 3615 3256 6052 1754 6340 2743 1982 6598 7124 1732 5841 8200 2396 4672 8498 8215 5497 9340 4607 5761 280 9928 8045 2206 2337 2092 5073 7092 6635 9782 544 1793 3885 4161 6669 1160 5585 1288 9591 3788 5837 8052 1547 8303 1807 5466 3064 7465 7157 9846 4090 6120 9557 2983 1075 8658 1652 9818 1635 4851 6487 2745 9440 1425 2325 2627 9637 3226 4631 2260 3545 7395 8757 7242 5828 5917 4845 6838 5086 2941 4611 5777 2754 6167 8253 8805 178 458 5846 8680 63 8962 5508 573 3586 7677 3188 9990 5550 2895 7230 7398 8612 2226 2212 4565 8182 2084 6852 4340 5098 2236 9808 2400 250 4125 122 3075 5609 9922 5688 2375 5676 7831 4155 2880 4149 6470 1324 1496 4514 8265 8738 4103 2460 6 3018 700 1505 3240 4774 1611 2625 7750 1653 3417 8534 8981 5486 936 8748 5030 6172 5083 5395 6714 9481 4970 7339 7335 7341 3894 7105 8765 6160 1839 9412 7809 8617 5673 8495 3311 1386 36 7815 8288 34 7038 4172 2788 1180 9452 9392 636 6339 3472 7051 6326 3488 6919 1339 5372 8662 728 2274 7287 729 8334 2077 7480 9395 4923 7536 148 3427 7251 6807 3396 6620 6792 1065 2624 7176 6976 8551 7599 2410 8350 5047 123 1608 4830 8855 8154 8834 1898 8084 4315 8178 3655 138 1540 4563 5860 5565 3656 998 8690 555 8606 2036 6962 1244 6422 1942 6005 4385 10 2936 9545 8842 3820 518 6046 7150 7778 8708 7269 9234 2209 5729 540 9269 8770 9186 8904 4588 906 2552 4916 2110 7991 6777 7149 2350 5909 9096 980 3856 2014 1467 9784 9071 9163 7618 5455 817 7575 3227 7724 8067 1592 6490 453 2071 1335 4553 2498 2518 710 8664 3913 5682 4836 9422 9685 5348 8327 8755 3624 5942 1094 6700 833 3378 7968 4333 5313 4300 8185 7221 6223 5002 4848 3044 1524 91 1337 9318 3699 7200 2620 2997 3406 7130 6433 1089 5445 4715 5458 6446 8897 6202 6493 5038 1440 6352 8554 220 666 4692 1961 2190 6535 5958 234 8952 2168 5757 237 2314 1142 4922 7680 6640 2926 6952 9020 3420 3066 3159 4796 8427 788 7926 8619 1417 8015 2440 6505 129 9657 5185 9864 1945 7264 5811 5239 6278 2420 7183 3202 5318 6533 1221 8374 9579 8227 8250 7325 8694 5331 180 4562 9813 9268 9626 8794 6006 3513 608 4600 9213 4915 806 707 2064 3076 7295 8618 9119 4784 8947 7822 2104 7197 5139 760 7060 9475 921 3398 4030 9795 1764 2763 8583 1118 8660 1690 2360 357 5648 3122 118 5228 8068 3841 6314 2775 4122 8986 9660 6038 564 9894 9436 2645 7146 327 2697 7701 6672 4852 7798 9083 4981 7326 2914 1240 4262 4413 4089 2654 2860 8745 7194 6441 6734 9555 7222 7756 1343 4907 4415 1790 7712 5204 4146 7139 7414 1819 1342 551 4559 3053 3368 3287 1562 5776 9496 9032 7608 5933 8251 1739 7804 9069 6819 4309 8515 9652 8511 4320 2905 1245 238 2536 1002 4627 4094 3351 6115 8876 2840 4263 6479 2489 2130 4061 7966 8379 813 9908 2662 9273 1552 5847 1769 1416 5454 1604 2378 9962 5194 3603 8380 8458 5283 905 1194 8531 5950 1665 247 4336 288 6060 1814 5378 8949 3519 6729 4173 8797 3764 2384 1220 6135 1446 6439 171 1834 3514 3233 5210 3775 2769 1214 110 2188 1084 6980 952
3904 3760 2397 5063 8902 3784 537 4997 5405 694 284 2182 2565 3266 3954 5996 6414 9047 8777 8194 9310 3395 5358 9401 1398 8252 2997 2640 8393 8987 2652 2272 2736 4976 7246 1614 7773 6860 5650 3156 7496 5907 4382 9084 9060 7346 5075 4582 6395 2956 2759 4819 6260 7142 4214 6711 4504 7116 8371 2881 5218 987 5076 6979 5025 1389 7630 2770 8172 3258 4960 4784 8175 9224 3862 7235 6570 7948 874 2041 851 2692 6773 6176 9727 925 2860 4230 7102 1192 7016 1388 1241 1152 8286 6192 2497 5915 8857 9692 9062 3809 4473 7238 2130 8223 3573 8601 6168 3506 600 6083 6115 6450 2222 5840 6437 4122 9072 2624 4369 5201 3957 5542 6288 1322 1689 7807 7160 9584 7493 5335 1032 1650 4556 9189 4269 2254 4472 7674 1923 9558 2885 7402 1768 7744 3822 4928 6812 6363 9180 1970 9315 4717 7292 608 5448 5092 6842 4148 2559 2140 5675 2646 3728 9232 920 7889 1467 4453 4674 2448 4004 7452 9750 4814 5190 3566 9624 1062 8931 7930 2985 7371 1729 9290 7096 4377 4760 273 5965 5936 5919 8507 9546 5143 9368 6552 5658 3815 1168 8004 6838 7678 6878 1605 2845 9450 300 2964 8378 4979 5746 9838 4266 2772 6051 8522 6555 6294 4480 2456 1272 2082 1088 5467 527 7572 142 3415 7795 7254 158 5462 4113 1744 7327 3553 2016 205 1002 9243 5158 5806 9078 9303 8472 5126 6953 4140 453 474 6504 791 2520 6646 6205 2119 4205 6330 5455 1964 3558 5593 6466 6688 6380 3775 145 7420 3068 1134 6664 8121 6874 4855 6545 4456 8982 2587 8479 9392 3028 4095 9250 4586 670 5452 6620 3948 831 2036 4948 3447 6662 1360 32 4188 171 8567 7157 370 5226 4388 9085 9937 712 8065 8260 6584 5466 1431 5829 9056 2065 306 5671 5049 1115 6741 9878 2491 1233 3646 4539 5352 2908 3094 1586 3241 7340 5902 9459 6426 5832 9238 4478 8253 72 2822 8854 5890 1854 9952 6161 7436 4114 6332 3278 3985 9836 5687 4275 3474 121 8625 6292 2305 152 8544 9549 6027 8002 5086 914 6368 8565 9104 3845 8621 1004 1791 3620 2815 833 8788 9267 4888 5112 1644 4940 7251 1230 7428 6475 9786 2820 8678 9039 1333 7350 4182 8380 2407 5040 4736 9997 3246 7595 8618 4198 9294 1325 6036 9190 44 5300 3185 6866 102 9086 3210 1318 5634 9573 1096 8350 7375 80 9605 3832 4247 7986 5269 8289 1805 5265 1506 9307 3878 4750 8596 5134 716 6916 4287 9990 9308 1007 90 7516 4167 482 3133 2847 1545 542 9235 706 3057 4020 7212 8220 1385 8925 3473 2842 7358 6378 7488 5957 546 7277 1947 4786 2329 1037 3202 3285 192 664 7354 657 2868 9213 1266 3367 8446 1035 2580 1472 4994 8812 9614 5426 6864 2190 8164 8469 4770 9163 8094 2012 166 2864 4278 1184 5100 7456 1355 4832 3922 1974 7598 3123 3186 9976 633 4169 1660 2067 8166 9514 768 3582 5491 2918 810 9578 440 4646 7863 8489 6575 8006 406 9850 9118 6435 9526 202 9356 578 2470 3726 6867 3059 6912 7565 4171 4189 7077 4883 6789 2533 6822 6665 1204 7223 1257 8120 4828 6885 6124 5198 6730 4358 585 2245 2988 770 1588 3521 7610 3105 6273 3576 5196 2265 1090 9248 5490 7221 3238 2242 8774 9954 7938 9031 8242 7150 138 5120 2361 5314 902 5751 4975 3100 8626 5692 3737 1234 2390 6747 7430 5000 1902 8726 6025 208 4207 2331 2534 5486 1077 1590 3402 49 7802 1615 7186 7046 5773 2322 6617 4312 7206 8728 2032 1977 2449 3414 8213 9657 8306 9149 8381 3434 8455 2567 5688 951 7957 6699 2496 404 5860 9317 1085 2127 6362 6795 655 7710 3387 4035 4024 1198 5984 5042 2701 8345 870 8739 5770 9083 6242 9094 7538 8706 3894 8425 5781 516 9948 5266 5450 9262 6290 7483 5614 3058 7214 2415 5474 1194 6350 6606 7110 1336 8325 5308 9603 8257 3150 4490 7341 9284 3575 3987 7366 1498 2872 6962 1437 1479 675 3425 8888 5357 6399 5215 7679 923 6345 4011 6592 3427 5276 4904 7755 3994 3145 8372 9503 91 1018 3479 6314 7439 4906 8197 3503 6276 5349 4915 6018 8664 2910 1328 4173 8020 3464 2031 1582 5924 7222 5535 3656 246 8568 4455 7715 7195 3648 7792 9684 9844 4345 4588 8037 7748 9866 3372 1745 5885 1119 3700 6253 780 5174 9264 4195 6240 9890 9995 3437 4537 2764 2200 6243 9504 9299 8898 7290 8981 8736 686 2669 5901 8375 2529 8280 9156 7431 8452 3672 2779 2686 7857 1130 6792 4084 1008 5910 6543 4605 7690 9208 6721 3918 7833 6016 2802 4233 4110 602 4866 6454 3226 8241 3839 1474 5673 4257 9229 4970 5973 7087 6031 2737 194 6100 7662 6714 630 5341 5038 7299 8267 2849 2406 1025 6986 6430 689 1810 2197 6208 381 9933 5487 1298 8748 4360 6195 4712 484 1296 662 6447 4120 7320 7030 8468 2325 6736 4213 4865 6818 1142 1239 6578 2009 2494 6010 1792 1444 7878 3034 9237 1311 8247 3945 1762 8587 9417 1485 5031 2639 7849 1120 1074 9198 4486 8357 2778 8644 9246 5534 1108 1086 1494 3893 2829 1992 4894 1211 2098 2232 2911 784 4330 5760 6174 2150 5935 6304 1330 3141 4668 7778 4950 8157 6424 4192 3678 7454 4335 4216 391 7071 6129 279 1024 2349 3205 525 4301 3214 8510 8705 8401 4630 4696 1005 4044 4732 1784 1769 1975 7242 5002 4695 4689 9219 8795 4163 5401 4038 4408 6370 342 5789 9462 845 9969 3124 8478 2078 1495 7293 5748 6116 8232 9672 2056 2054 535 3763 3969 7734 7779 7675 1496 6999 6468 5585 2366 420 9874 8630 745 5661 8091 650 5622 539 2581 426 7355 9387 7746 7029 1425 9704 6636 4244 2781 4356 1983 382 5777 8889 394 1226 5434 255 8909 5247 5006 6122 4965 9628 7711 1936 8217 1945 5568 1320 9097 1671 1806 7925 8218 5969 9720 9188 6480 5875 6836 6149 9555 6182 5053 4795 209 9641 9813 6785 7348 1743 4996 8327 3122 483 8690 1309 2117 450 9153 9365 6382 7998 3340 7185 7415 9099 2266 4240 4364 333 9295 5642 9465 5282 9415 6244 1710 220 267 2430 730 8636 1911 8170 1925 1260 4538 9835 2220 6901 6140 8662 5118 8313 2891 9360 2301 7780 3913 1898 9079 384 2574 9826 586 2818 9773 2978 2608 7533 5680 3569 5703 4765 9240 6476 6019 5255 4680 280 9917 6593 9607 7920 7383 9726 3731 215 87 5337 9135 9735 8050 8031 1814 9685 5561 7405 3245 290 4037 7036 8616 9515 2136 3867 6728 3228 2408 1938 8344 254 8354 9456 9074 2058 9644 9143 7903 5933 530 6255 6428 798 196 2545 8483 9683 4610 2327 852 371 4596 2748 6455 9288 2976 4798 7865 5896 7504 232 2288 5400 7330 5795 363 7060 8952 872 3287 1639 2572 6943 9159 1351 1508 558 1265 948 5114 1337 3644 1515 595 5643 8410 5037 6915 2537 9441 4232 8234 320 6309 9700 2690 726 413 5185 9536 5586 57 6782 8173 8038 882 5719 7713 6470 5241 9274 7837 2409 1054 6724 2697 6422 4427 7093 9495 2928 5446 9230 7400 8771 8012 8222 3596 4838 4683 3667 6856 3986 7473 6754 5306 8239 7743 9957 3256 6566 4380 2451 2981 6925 7050 7932 6152 2886 8013 9834 6462 362 3674 1690 7083 7990 9845 3928 9014 8918 7090 4694 3284 5566 7054 6177 3071 8274 6202 3439 1418 5697 1414 332 7553 6105 1555 1178 7677 6675 656 7234 5592 7693 1888 7893 3234 7973 4056 9993 994 6307 8264 4543 8914 4925 3014 9376 5225 5057 6534 6284 8035 4196 4494 3819 4805 1686 8415 1573 2623 6308 3857 9615 9363 2961 591 5666 270 5091 3814 2403 9158 7756 8532 2066 9388 3695 2402 9863 9460 8244 4352 2382 2138 5079 754 2763 6127 5645 6346 8497 6008 1092 115 1344 736 1603 470 8433 5979 8083 9532 4484 843 1919 9404 696 6770 4115 8811 8199 2615 1547 4040 8639 6239 9384 3233 3848 5385 3382 1678 4604 4664 2370 9830 1170 1368 9358 5589 2171 343 4988 2825 777 1715 3525 9566 3265 5180 176 2925 6396 6591 6069 9244 1038 9339 895 5582 3108 759 6344 1253 1893 7634 9662 7392 9707 9971 1456 1632 744 2224 7508 3336 1779 9789 8406 1934 6996 7359 2672 6419 6602 3658 4869 6557 8248 7005 7911 8950 3316 9087 808 898 7271 589 7839 8643 1284 7652 834 7844 933 7631 3549 3729 9916 5631 8978 9030 2156 7226 9090 6172 8356 7302 6046 9192 5165 3292 8858 2984 1918 568 562 4316 4653 6884 8268 5918 3689 1003 1501 2648 2706 9772 8991 1047 837 3263 4290 8759 6158 5244 7950 6681 6976 4971 7199 321 8622 5235 7168 6017 1084 2169 9590 2047 3608 2230 5343 1099 3512 6095 5994 5150 7081 5899 8307 400 4645 5606 1676 155 1658 6457 5187 737 8148 226 1786 249 9790 2944 1118 3054 8183 1271 6478 5217 7295 1540 9366 7357 6797 2954 1066 9370 8454 8624 34 8275 1075 2558 5761 2762 6586 9373 1651 9359 2304 2718 428 3934 7902 4727 258 3199 3706 5835 9008 6565 5958 8379 4131 7667 7010 3267 5942 2045 8395 6840 3428 200 2512 1903 1826 1856 4143 3590 3304 3650 6540 1164 7388 6769 9577 9482 4528 9489 5160 396 6992 8299 7149 3980 1533 3063 5064 4863 958 7313 9768 3419 9122 681 5204 2364 4223 7525 5932 9764 8615 2410 6531 8193 2896 5128 1807 9287 7505 7585 8346 1442 8156 466 5553 3005 24 9329 9784 8882 451 4077 774 3752 1562 5768 3508 9222 8077 9930 6538 8256 552 3444 9457 8014 6927 8498 8195 7347 4045 243 7363 9545 6267 9254 7119 6677 2433 7834 3045 2696 3824 1354 9795 7818 9782 6057 5191 9411 3758 6546 8550 614 5045 5873 7912 8973 5202 4386 4741 575 6848 915 7205 8302 7810 395 441 9468 1724 218 1415 8572 9096 7397 3756 7633 5914 7408 4168 7976 9092 9322 7189 3636 9268 5652 9798 1574 9793 6048 1838 6452 374 1872 5763 1766 3972 8198 3230 576 5654 6686 7629 3859 989 8646 954 6034 7196 5054 6989 9316 7136 6268 564 7519 6144 9245 9416 9753 5048 7047 2720 9174 7791 3655 7824 7804 9242 2959 6738 6438 6249 1746 2510 5562 6716 8661 356 2958 6705 9964 9919 3324 5178 3086 7683 3530 2492 8553 9166 7645 2812 4578 3243 1138 6559 9873 7500 2782 1612 9913 8240 7365 7701 7685 240 3502 7647 9251 1167 4425 8834 8776 7850 5325 5435 8025 4487 2168 3471 6325 5780 6625 6495 3999 5010 7145 3022 2342 3614 9928 3827 4119 6694 2177 9856 6515 8684 5686 3466 8155 946 5298 8657 746 4885 4398 7203 7104 9892 1150 1175 6154 9652 4726 1604 2582 7854 8211 5999 5512 1641 2783 2768 1647 644 7967 5182 9706 4995 4589 9142 2165 8153 2372 1883 4300 6403 4387 4678 7975 4118 8370 8566 2951 1432 1026 5664 718 4791 579 5256 1813 5951 2051 5382 9520 1199 8337 8763 2104 187 417 572 9280 8070 764 9077 8437 9559 9396 9184 6524 4867 4436 365 5722 9385 8844 6250 6804 8358 7378 4251 7123 3524 6270 2952 3692 5769 3481 3309 2021 2238 1565 6855 5826 2469 620 3397 1910 5408 2775 3344 8041 9155 5412 2507 7848 8830 7801 2505 3551 3290 6445 8540 685 7928 9206 6609 2852 9055 8975 3423 8724 3365 2061 2404 6713 4658 1310 7072 5192 3654 1527 1541 9171 7017 4 9804 5530 7682 7384 4496 133 8845 4411 7964 2189 7568 9934 3500 2734 9220 2932 3279 3870
4575 4527 9944 8770 8068 555 259 6369 7520 261 5284 1529 8559 742 8252 5947 4307 7485 3898 8598 5444 5127 5286 4491 8512 4276 6249 6861 6228 9418 9734 732 3940 9673 8567 1079 9305 8799 6500 6830 9031 1740 7398 6717 2442 5645 2627 5774 3113 6440 4369 7576 605 9538 1135 9073 2918 7315 5050 9035 6732 4778 9712 9672 3565 7404 736 2865 6204 6305 9582 4348 7959 6984 1002 1706 2691 5190 3866 8146 1394 8703 8097 1590 7778 965 8820 1909 9940 5547 6606 8773 4334 66 6177 4140 1448 354 1594 5726 8274 7617 5786 7694 8356 8374 1963 2196 6520 478 2644 5218 7657 4174 2080 8554 2980 3928 7620 7542 5510 1840 9589 734 5904 1602 1246 6218 2248 6021 3597 9766 1765 327 8124 63 2261 9348 6572 2706 1980 843 288 5194 2881 7939 7192 5833 4669 3842 5362 9177 5605 4948 8980 543 5595 175 5837 7752 6174 8441 6639 7851 8734 3870 7029 962 3206 2685 2732 4234 3479 2097 9307 5385 9942 5618 1165 3722 9346 5584 2889 4945 9535 1845 4565 5125 2000 9401 2853 7206 7844 9381 6578 3240 2036 6600 5480 4652 8346 9593 7150 386 8025 2508 9409 3630 3122 2967 8208 5925 6934 7745 6806 539 1947 7837 9898 4727 5036 6862 3214 9963 2525 5488 1096 8145 9966 4803 6494 8678 1912 6842 6706 3466 6246 9339 5228 8381 3422 3406 8251 200 116 7869 2125 7934 6889 5891 2052 3731 8118 1114 5288 3590 2166 3418 2662 6000 8919 1317 7825 5757 7946 333 1064 6410 4648 9375 7729 7092 1883 5093 7265 1977 2941 8414 8944 9716 4296 2553 2386 2040 6870 5013 3248 9295 7579 9140 8212 7943 6086 3072 5886 5506 4078 2249 40 2556 9880 7123 4371 4966 4372 5384 6930 1875 3437 5765 5207 4352 7342 6623 5425 4195 681 3480 8202 6836 760 6142 2895 3784 1082 8298 6880 2392 8327 8454 1366 5440 1915 5379 8815 7218 2277 9725 586 7075 4927 4011 4401 1505 8444 8481 2147 6137 1038 9376 2945 1763 4632 4870 4587 4771 3149 1413 7074 534 8916 7480 5054 796 2846 2974 7958 4165 1180 7521 684 4633 9074 3101 140 4323 3195 8615 7170 4005 2348 2005 8478 7033 4198 8942 3196 4692 7858 620 9622 8592 1694 5672 6603 4319 2379 6837 901 3018 1417 8909 1176 3573 8150 5432 6675 5894 1681 606 8140 3625 8159 5162 7720 7104 8253 1484 4949 8822 172 2642 1326 1844 8213 6976 6083 538 3791 6045 2626 5143 4067 2864 8601 2189 8190 4392 7112 9786 4952 5244 2516 2202 9405 9255 9210 6782 9784 3266 4716 9936 5829 5971 1775 4033 2025 6898 3645 5736 2919 5302 9879 6890 8061 8105 5368 2856 5208 6831 9453 6699 8937 8857 5072 7271 5630 4851 466 255 3900 6251 5315 5600 9285 7258 1570 2920 2074 4419 340 5295 372 8409 589 2303 2720 4820 8156 2159 558 6216 52 5587 3464 4794 9442 3893 5022 3330 32 9334 8430 6590 9432 1316 7697 2960 8479 9555 2880 9010 744 3425 1290 2524 7264 8493 3730 7776 4706 3771 2454 8062 8451 1880 1025 2567 4255 124 1891 2170 8533 7510 8900 5200 3594 6503 4747 5892 9271 6579 2686 3202 8126 8967 1675 1822 6741 6302 5515 9089 3070 4 4435 4675 4257 4541 6484 5459 2171 3094 6088 1041 7312 8688 7471 2023 4571 6747 3932 168 8452 7040 8268 7416 8618 9124 3258 4035 4634 2332 7397 6728 1438 894 1349 4744 4496 6881 95 6583 8984 5287 7554 6294 3082 5024 7348 7551 819 1227 6819 8338 8188 6812 3312 8026 9848 6973 9384 7246 3680 802 7199 4080 4611 1653 9961 8981 4818 5229 2044 8842 2548 8621 8725 2835 5438 7066 978 9522 994 6850 2828 8077 6694 9690 7461 3034 2475 7334 142 5585 1908 873 5542 5633 8082 4476 4610 2882 8709 5692 1698 314 4310 9462 3115 8751 3152 8267 6576 9894 130 4644 5706 8921 1175 8628 460 8436 7878 6002 7813 1495 4126 5896 5018 7750 7792 3716 3419 8520 3111 6748 7984 6139 5492 3610 8307 2863 82 8196 4711 3003 972 5822 1606 1401 3362 8518 7330 1836 6335 8743 5888 1292 3614 8130 6487 6058 6652 9488 2779 3745 4741 8165 7256 3029 982 6444 268 3014 174 3935 5972 3897 5265 8344 1503 1676 110 368 5094 8095 6223 8691 4646 1955 7302 6453 5619 1108 4607 3189 8308 2542 7563 8456 5704 540 3532 8602 4882 1849 35 6482 1042 6906 5935 6071 4110 8141 3777 9332 7434 1270 3235 3871 6821 4288 7486 8683 1207 6114 8939 7821 4562 3753 8316 7988 3179 8874 1466 9554 7413 4598 5038 1479 2721 8698 791 9450 5253 1126 1782 9009 7876 5110 5617 5680 1558 6757 1751 9543 4568 6233 2398 1968 3321 4196 2176 5175 2019 1671 7354 6092 3096 9968 4781 2951 8532 9918 4018 8046 957 5336 3652 5944 9414 7363 4596 3090 2688 6903 4985 5047 9066 7135 4852 1900 8181 6446 8285 4264 8550 8051 1472 6786 7094 4538 6138 5133 5434 1419 7798 1073 6414 6334 7488 943 9309 90 7783 3404 5122 8339 1561 1323 2284 3402 9427 753 2795 7183 8947 795 7702 4848 6954 2204 921 2048 6672 2301 8876 7679 7742 5161 8614 3621 4354 5518 8476 2959 8405 9722 5164 878 8270 3786 1598 1023 9975 506 879 6796 5311 6897 8027 5292 8852 4693 7500 6849 2338 4353 1111 7405 2954 4671 816 1552 9235 374 9000 8955 5504 9820 6351 9172 500 6432 51 6375 5056 5349 3064 9645 1174 6776 7146 7953 9018 8989 5544 3450 2764 6306 890 4251 4655 1238 3237 2712 5792 2165 8954 2624 2321 2664 798 6411 7047 3991 8482 6684 4221 2926 2142 3378 3423 183 8810 5908 2924 4226 5856 6196 8766 6144 8449 1893 561 5895 3148 3941 8116 4850 4686 3629 1852 7689 1190 8448 1870 5496 426 3063 3815 3220 7575 9602 5177 861 5453 1324 9567 1546 8817 72 2494 9333 9509 8284 1578 5520 6356 7142 9034 7245 3937 9274 4806 5729 4768 8680 3519 8019 979 121 7622 5215 964 2162 9591 2761 4398 8772 5174 3725 7399 3440 4350 9849 7976 9702 6989 7012 6942 860 5398 5649 58 5943 2678 3948 4365 2785 616 8580 2812 2738 4163 1497 4533 214 9586 7590 2132 5529 6558 16 5225 2632 6141 1235 583 2890 8107 634 8721 1512 3269 1757 4918 5089 2331 3489 7799 4992 7548 9212 8525 5112 7240 6289 5226 9273 869 1743 8407 5158 4312 3656 6326 5901 8227 6950 4551 6194 8613 9353 912 1941 8950 4964 7287 3620 4921 655 9793 9150 8998 9723 867 6531 4875 4240 9192 1143 21 2492 9300 3117 5365 7567 2468 3088 6038 2752 3062 7893 775 7051 6416 7130 453 9038 2014 160 7955 8260 7675 1072 4782 2522 4368 3971 2725 3493 1112 5638 1754 5535 2298 3265 8510 8240 638 5249 5770 7635 710 2873 9694 6433 6769 5012 4683 4430 5137 9347 5984 8504 2421 7731 1078 6939 8768 8600 8854 1896 6215 5936 2495 1410 1658 9148 1184 3576 6319 9933 7400 2718 6697 1485 6429 1071 5668 4885 6109 4167 7215 3820 5181 3249 2569 1794 1830 9682 1834 7704 5898 9216 7232 7497 8365 7463 1024 3790 7394 5539 8890 1921 5086 6726 1137 3036 4012 2885 6198 6495 3723 7070 1454 3397 7938 8198 8304 4731 7412 4893 2078 2280 7701 9380 9668 3213 3446 7680 4181 1302 840 7743 3826 1716 910 9030 7249 4577 6094 8616 6996 4016 6818 7760 3334 9816 9860 7250 1890 1236 4934 1252 9956 3755 7633 1300 1258 7981 2100 8924 6931 4961 602 7780 3984 6924 1426 9081 5538 2192 9854 4695 2540 8830 1903 4364 9994 6756 4667 9948 3909 8312 9499 6278 648 264 7221 8373 3333 9548 3639 954 3484 5589 2355 2299 6527 6629 1392 3260 325 1338 6193 8596 7087 369 7222 806 5730 4753 5084 1035 8843 8310 5102 8562 9732 3757 2480 3772 4689 5884 8366 7205 2672 8517 7167 2972 8906 3338 635 5986 2788 7805 6739 8411 1639 3481 2620 6044 6750 3720 9656 9514 2124 2387 3150 9777 9116 3340 3778 1773 1837 886 3788 707 3283 4378 5762 5988 1572 3503 2840 6013 4498 5938 276 8881 6817 6746 1239 2877 1004 6129 4726 7007 4674 1785 7854 2940 4017 6357 9115 1434 3605 7326 7295 3854 4776 1964 1824 640 7746 3009 9572 9636 3074 6790 6820 4811 1842 6515 9408 8341 1904 328 7975 5841 5769 7553 7132 627 3986 4412 3549 8649 5412 4416 9242 3138 2769 9411 3832 5348 8528 9301 4160 7834 5755 2695 3713 8360 9807 1224 5485 9508 5146 8901 3048 3787 7364 6471 3796 2310 3798 5797 1406 4212 2499 5495 2013 4822 275 9815 7415 3959 3525 2875 287 2368 8841 9152 4455 2563 1780 3780 8928 4618 2859 5963 6560 2062 2618 6192 5044 2482 7241 8868 2728 7056 6282 5714 508 1118 4277 1377 2206 497 3861 3024 6027 6658 1032 9648 9407 5085 136 7252 2061 5428 1362 4472 2639 6226 9590 5552 64 9410 3438 7904 9284 5568 7475 3602 9312 9518 8636 5970 526 7754 2991 9457 6995 9254 2391 5025 4954 745 6243 2145 3711 2821 632 7055 9737 9867 2587 6341 2574 986 5854 1182 6014 8516 420 3182 570 8959 77 9778 351 4526 1074 4767 914 6377 5948 4569 9083 669 5512 2324 4274 9122 9097 9164 4572 6742 8665 7655 7267 7630 6840 6164 7136 8314 6483 4742 6610 4544 4717 2955 404 8292 1124 6895 8908 8120 1475 1205 2364 9383 4405 7608 2669 5088 398 1821 649 7113 5887 3344 6003 2326 4008 674 7964 8439 5339 9934 7930 3619 4814 1617 8223 5334 2772 9611 4714 6202 144 1391 7896 5210 5656 6948 5371 5356 4630 1199 8590 556 2582 1688 484 9165 4715 9498 7096 9598 7822 6241 721 7430 5992 7556 1344 2987 1848 6048 1200 7832 1369 5611 2438 1632 3308 3261 4045 1422 2822 3198 6069 2304 9304 1894 9329 451 9626 5567 1146 6180 4636 6190 2834 5915 9070 3728 1919 9321 1519 2343 4047 3007 7260 4995 336 5467 2614 579 1185 2136 303 3459 848 4956 3664 6093 9480 9738 8818 5380 7932 2526 6344 7255 3098 8582 1248 6016 1581 7555 12 5474 5723 6008 5962 477 8948 7131 1500 7917 5666 3995 5138 1906 9524 939 5862 8128 6489 8424 2472 5062 5097 2481 2041 7857 6597 1521 2966 1633 1066 990 8670 1791 2446 5710 6565 1584 9515 572 428 7641 414 6062 2855 178 4490 1026 2773 4202 3783 4254 4613 6608 1046 2255 3831 854 4361 1835 341 7382 6878 7947 7763 6314 3107 9627 9808 3264 3992 4298 4502 5223 4379 6303 8433 5136 9087 4557 3693 9570 9575 3393 4529 406 6772 6284 728 4144 3133 963 8458 573 7387 3125 1644 7525 7874 5064 3812 91 7990 5607 6281 9287 5853 6611 3808 5338 2474 9094 6524 1961 6546 9701 2717 7077 7090 4873 644 7772 7592 1916 4336 3879 1989 6248 5662 1813 7153 8862 155 2085 4584 3056 7337 6085 1685 2505 3447 5199 5213 7432 9076 4924 4317 516 2490 6152 5396 7175 68 6275 1866 3403 741 1106 5408 4393 1828 9482 2430 1147 5930 4912 9223 9114 3546 3695 8362 7032 8656 9877 5270 246 2622 2139 3537 3952 1942 3700 8367 5370 9231 238 5934 5255 6480 4269 1480 7711 4225 2878 600 2234 4785 9876 7341 2935 5785 985 1265 1101 6866 465 5005 1173 9935 1397 7581 2832 2256 968 6082 4176 6098 7214 550 8608 715 7612 7954 8001 476 8044 804 3878 4020 1242 112 8696 585 8973 1983 2488 2908 8468 4432 8021 5676 9046 7300 5301
10
2493216 17323978
22931856 4122160
4691295 12543300
18702346 38052810
21346600 10512000
3616326 36277920
32181996 17082186
2101788 82851216
60885000 3204115
52151544 35640297

8 10 3
4943 61 691 1747 3191 2671 5261 6353
1279 2203 599 4957 5701 9091 197 3517 1291 8297
947 8741 6121
10
37197521 20215271
15817787 5398847
31491821 186559
3448261 3666479
15636079 334063
4028459 39307249
11405843 2029673
1251541 50785937
74581 20147081
15227371 1721977

9 4 5
6389 2027 8513 8861 6029 859 6053 3 1549
5869 3257 2251 3469
8377 1259 5807 2693 7219
10
3486799 15805217
1409501 4608481
2979871 27283889
52005209 13071557
51555943 20664887
20997857 27283889
1604233 10018373
497821 15668831
4780423 15044987
5373481 7389071

7 9 1
9245 1847 8111 6183 2851 3958 2323
8316 570 5631 9534 3520 5410 8272 2373 6054
6155
10
19215856 51184980
14672259 34658805
10400457 50914160
22147482 51184980
14417343 16392299
3868476 49715856
22329937 6496290
9434466 2971776
21412780 51184980
94013040 52836495

10 9 10
1421 1845 7847 9893 3498 5782 2463 76 8031 3623
6449 4172 3744 3870 9541 90 1298 5685 7446
4583 3280 7684 9562 9485 3608 3431 976 4239 9622
10
2394810 37004940
13537260 17685108
29936660 17141344
50308996 967624
34448048 5475374
56734260 50729136
40361670 8318213
37039392 14314132
56241705 308790
13537260 17685108

6 6 6
3413 887 7643 4643 8093 5527
8287 2273 8009 9133 9677 3607
1747 4337 8527 6451 4639 6323
10
17372539 57747959
29191451 53459437
3199409 9858001
70273109 6894787
2587 6878549
2493431 11598901
50478091 15643559
1203767 35472743
55676861 24241571
28283531 19381871

1 7 2
5147
571 8849 2749 9931 1021 7621 3187
3847 3391
10
1509709 3080899
3871979 67521241
8449703 17241643
16403489 29317987
16403489 33676021
52916879 15280423
45545803 38204557
35916173 21243917
14149103 1936261
39225287 1936261

5 4 4
947 5119 2711 4507 1753
5867 7759 4111 3547
6269 5779 2579 6473
10
13601527 23757469
3359009 10602269
11144921 20498113
32566823 7177361
23808469 21354313
7206583 36780223
15905437 23757469
26093321 13146919
25779367 233603
30558383 17360159

5 8 9
3793 8821 4813 9181 787
4259 9227 11 3533 607 2557 4831 9473
6571 5153 5651 2897 7321 8689 3607 3697 3559
10
17344309 885847
3598807 9052867
41723 12743531
5594783 58134677
2921491 34169111
1041581 9503407
9698701 13061501
7266821 10212571
13400669 31180139
81391367 62247083

1 6 1
9199
8609 9403 4967 3001 8819 8219
9403
10
81125981 28218403
75606581 46704701
72539683 9248179
12895559 18594473
86498197 28218403
27606199 46704701
54247379 83092133
303799 34597741
27606199 77283257
23361781 18972803

10 4 3
1609 2381 2113 1877 5623 839 317 8839 9769 4567
2663 1319 6353 8317
7193 8419 9697
10
9661549 4121569
4821 6662867
13423889 80649949
7440029 65852767
418123 59824181
12161921 61605041
15876013 12289049
30846121 97709
6340603 12790343
62062457 80649949

4 9 7
2718 8564 8617 4604
9175 6061 4096 7939 5145 5056 1706 766 4873
3926 9713 6039 7913 2602 5079 3396
10
41990641 5793576
24937650 6061358
22435292 20803584
65520042 40956020
67989596 10657792
6560024 25679424
6893750 22099040
63429366 25197760
77425 26420160
37127376 4417992

2000 2000 2000
5068 4365 5924 5305 6555 534 4914 9521 4681 2593 1904 5914 2297 4403 2957 466 5624 1992 7361 5880 1274 6293 4009 3626 974 4101 6403 8299 486 1889 9249 1906 6253 5173 7210 9159 2058 2123 8679 6738 1068 6934 2652 9716 1336 1960 182 6960 303 3894 2839 7929 6538 3200 1554 7512 7300 4308 5810 4138 6196 5058 6043 8800 6582 9604 4311 8640 8079 2989 1729 5498 9923 732 5213 7610 9044 1746 4569 9346 5640 3760 8529 6959 1531 6040 610 5839 8201 1099 8386 9611 7141 7186 2544 3097 1496 7535 1175 836 9264 6672 7110 9995 8236 4720 9038 9982 4736 1973 9399 4713 501 2709 6244 2893 9671 8434 1093 769 6819 7055 4262 356 9599 7358 1851 7133 8532 9039 6396 1555 6148 2743 9790 7219 8132 9771 2859 9219 8095 8609 3932 8596 1318 6527 1488 988 4960 8932 1756 8130 5987 6017 4838 1937 3374 3040 9069 8257 2078 1817 6163 4578 4559 5953 1796 9042 2075 1006 8261 170 9615 2192 5117 932 5070 2956 8271 6381 1887 26 862 4225 2395 5699 6161 2120 8739 5230 377 816 3398 6539 5393 7956 8843 3541 3349 7270 4546 1609 3791 4160 152 8907 1443 5221 1862 9713 7953 100 6091 8815 4325 8485 4513 485 604 3251 2066 7332 419 5463 223 2163 9770 5417 5703 3119 2686 6601 1079 6476 7112 1231 1734 8555 2803 9947 4619 756 47 709 9570 4371 9193 4082 1207 6149 3685 9625 9832 4103 1439 54 6265 1209 5471 8320 679 4508 4920 1757 7336 8383 9339 3289 2142 5368 7908 5414 8616 8818 6136 4161 9251 3694 6661 9287 3318 6492 3389 4757 2898 6006 2317 677 2995 9227 1948 1103 2914 330 442 8335 3619 8935 3702 7878 8183 9115 6493 7000 1602 7005 2602 5295 17 4965 6509 1629 9721 9406 3986 8389 4125 4662 7735 9703 6609 8837 2617 3291 9278 951 3261 8212 4652 1138 2746 118 3982 6097 1719 987 8699 3365 7355 6939 8329 3863 4919 4401 9620 5257 2789 96 9918 523 9799 2879 5712 8767 2521 4989 6069 5781 9553 7072 6918 8650 7189 899 4747 5259 8237 3445 8623 5592 6735 6952 5806 8005 1352 5426 493 1873 9531 1015 8023 8761 3078 6789 1281 8067 9209 3413 3971 6280 8972 9820 7580 3718 5078 2169 3514 53 4112 248 3356 9917 4605 1059 1694 7865 1551 3567 3747 8918 1589 2507 1995 4730 139 6413 3938 3551 6570 232 5707 6389 4164 5776 7819 6332 9290 7871 443 5889 7578 6711 8636 4710 4675 8456 1808 2615 7315 3802 7344 7453 6567 7634 1004 9653 4203 7587 1711 591 1750 7487 4761 8081 6776 2631 4875 2664 6560 1586 9509 5196 2694 4218 8086 7368 9025 9893 6339 46 7326 3792 2964 1311 1147 5513 8733 2455 483 8165 7216 8563 1292 6198 3438 308 2758 1375 9816 4305 420 385 8742 7787 9409 8634 7768 5748 5031 1445 5891 7995 2755 7037 6963 5769 7641 7074 6251 2158 641 1166 3449 3190 955 3756 5947 8681 6603 9100 307 5344 6886 329 4653 1815 5360 2450 7705 9706 1556 4741 6668 6175 6861 660 9600 3112 2817 6592 629 6266 9781 1583 6373 2080 263 6296 5034 9362 6602 6730 6247 2669 7058 7251 835 8769 6052 4891 8474 7608 5983 1493 134 2844 8505 6085 2307 1321 2676 2935 2456 4517 6663 887 1131 2958 5921 492 5911 2650 3090 4932 6059 6692 2118 4828 2744 7009 6703 2991 1146 6836 2186 6002 2920 4492 3674 5595 3778 3964 4402 8294 626 1641 9935 3913 6267 5845 6562 5708 7128 2400 9246 3799 5143 6254 3452 1845 5596 949 5032 7782 6950 7951 8625 623 9897 2403 938 650 7048 1563 2290 2824 1497 6202 9090 4798 7173 8087 7197 6418 1885 8691 9023 1688 6887 971 8988 1918 8752 2289 6220 7376 2912 6116 6130 201 6765 3178 1764 5407 6001 9612 1608 1442 3305 7075 2591 478 5161 6139 3247 3397 4829 8622 1437 9592 424 9984 4695 2713 6203 8422 1976 8670 4552 2176 1787 4081 3939 7193 81 9903 5152 1522 3207 2226 4113 36 3738 9635 7135 1432 8256 8571 5850 4199 5346 5834 5245 8058 8388 3666 33 3410 8561 8649 8851 2388 5081 8753 7539 2955 6117 3419 8347 9854 21 4333 3340 7804 2588 8262 3654 3138 9960 9487 8382 8017 4226 8400 7635 2968 2962 2830 7969 1812 1569 3049 6917 5460 2355 5228 7928 5773 3574 4133 5794 7907 7473 3597 6846 2086 7250 6336 2045 3088 4717 6414 9468 815 1300 8788 128 482 6756 8291 8402 6156 5207 3861 8511 434 1788 635 360 6428 4618 9745 6377 1463 1830 4150 227 3066 5219 6640 6731 4686 3806 4382 3473 285 4863 6580 8575 3265 9088 3477 3950 6919 1617 4584 7278 7537 7364 1895 3633 3740 9710 1814 3717 3859 2040 6782 5429 9864 115 8836 4246 9939 9120 6519 4047 8724 1958 532 8553 5907 7450 169 6842 1080 4205 2974 7689 4296 9035 9502 8013 7894 4674 2924 1010 1140 8112 5255 3583 714 3949 7629 5790 5906 8160 4342 8164 1962 4510 5005 3041 8566 5562 2366 9857 1401 2107 7869 6998 10000 5367 6376 9163 1035 7982 6593 4617 5047 541 8598 7188 2798 3109 1529 7313 2390 8110 7307 4230 476 9912 4087 8228 2019 8307 1577 2018 3673 4941 6400 5113 2327 733 1705 3296 5780 8597 1893 2967 7746 1353 848 6423 9589 3727 884 3248 7711 3159 8394 5177 6701 218 7195 6725 9817 2135 9477 814 209 9338 4109 2340 4286 5307 2032 3705 2506 7089 6479 8446 7363 1693 8771 1425 4852 7164 3715 6380 216 3293 2061 2769 7733 2874 2977 3422 6982 5317 7707 9334 6975 6090 3038 5832 3179 9517 345 3231 2322 5467 4655 3525 8983 4721 9904 5550 9830 8842 1456 1890 1610 5540 1115 4587 8961 4448 6255 3020 3781 3229 9109 3170 9060 8639 9688 5336 2268 8361 802 3275 4347 4493 1686 4322 527 3511 2563 2137 9050 3677 3075 4363 8124 9329 3734 8909 2842 4320 7833 6815 359 3168 5434 8720 3969 5060 3308 6457 5759 7800 8142 1461 2121 8668 1323 4683 7156 4711 230 7439 2834 5910 1172 7441 4818 365 5218 9137 8197 9496 7716 7465 4567 8037 2525 7874 8283 5674 2634 6095 4146 1301 7418 5181 4809 494 9891 5038 7932 9077 9103 6517 2117 9467 7606 4016 117 3453 1731 7582 8019 9767 6458 2244 611 4740 4269 3244 8415 897 3595 5705 1448 9837 7094 9379 8913 4393 8481 1782 2862 4300 9867 4667 271 6397 7565 4641 2516 4022 3236 3126 7505 2722 5919 3618 9605 5865 1052 5701 2767 431 966 7160 5263 2747 2613 3191 580 8948 9813 3329 6512 805 2196 6885 4040 5321 8349 7896 4394 6999 3814 8011 6030 3684 4006 788 9048 6314 6051 8146 8316 758 2228 8896 6058 8392 2224 2569 9196 4419 9587 506 7483 7504 7648 4847 458 3678 4883 1760 7685 1603 807 3998 4005 8952 3035 2321 6061 5262 7568 8470 5 9791 7391 9200 561 3196 8786 3003 3701 6268 3487 7557 268 4366 3945 5920 1533 2056 3604 3136 9214 3953 3492 3339 2164 6929 4952 9731 5399 4956 5873 4155 2785 5984 9292 5788 6036 1912 5626 9944 2179 311 662 2475 6230 2194 4530 6185 1681 95 6489 4611 9827 1539 4778 6937 9733 9291 9725 239 2076 2060 4215 7794 9840 743 9972 6503 1404 8798 2732 9950 3327 5269 1630 3421 8109 6802 4383 7936 490 9065 260 9210 5150 5902 5286 5388 7977 7346 1270 2191 8145 9063 8887 5386 4885 6643 4183 3968 9236 8221 7345 4367 1632 8216 288 696 4827 9497 728 1134 7585 5057 4831 5206 3599 2975 621 1981 8214 2358 6865 4856 6541 833 7799 6753 6420 2371 116 97 1104 1747 4664 7743 8795 9490 3591 991 4725 4927 5274 9555 133 8872 8882 753 7205 7095 3110 4069 8302 1253 6100 9107 4025 4822 4140 3299 2239 9582 7394 1033 9072 984 2023 5641 914 1615 3434 6137 496 538 9693 7590 3647 3762 2243 1366 8342 1459 5390 9515 5882 4433 3304 8120 367 697 9152 8033 7526 1430 92 4475 8695 1706 1183 2201 8445 876 6142 8444 4637 8384 796 2354 3077 8606 4096 2592 8611 9977 3376 1914 8096 3742 8963 6995 1124 7312 7086 1951 5144 6210 1007 8064 9838 5802 9052 4573 6597 1405 7650 1852 164 1828 9968 8429 6275 62 6225 737 7349 6904 4175 9299 9261 9318 1860 6449 3013 2866 4512 9202 8667 9915 3775 7672 1424 9523 8016 3331 7703 4335 4396 5502 6554 3988 3902 7243 9552 2434 1411 9304 5446 3815 4648 9295 82 910 7753 6197 4077 7275 564 1329 4898 1871 1658 9294 7372 8211 9633 8464 6875 8015 9729 5511 5777 9032 7309 6405 9199 8308 2052 9280 3081 2961 7032 9277 658 6192 7148 1987 1089 9018 9996 382 2742 8206 14 3021 3240 7387 2969 347 3163 2000 4007 1198 8666 7971 6829 931 3860 7374 671 870 3565 2856 4654 3188 9203 1387 2281 7408 7688 428 4640 6172 7814 3960 2870 7328 5960 3509 1894 7569 338 9992 4851 549 7365 5522 1418 7282 9692 625 8287 9673 5160 3586 7425 2065 1722 2376 4591 8210 4171 7808 8196 6065 5377 6056 6579 5433 9772 8452 3203 7053 8143 179 1691 6 1364 8885 9943 8083 7204 9804 1189 9580 746 9398 4266 4917 7206 8813 981 8934 3697 3388 1864 9130 316 8684 6564 4810 8862 8254 2183 5969 1067 5162 1109 9149 1821 8312 5304 3009 4243 6050 8759 4861 5964 8298 1249 7370 1685 2851 1195 9779 1534 4110 4589 395 8716 3123 5614 4684 4190 7127 5792 9690 8947 456 4994 1050 7395 7065 8360 3028 9583 6657 628 4693 9802 5887 9870 7687 9997 810 5064 3933 6398 9747 4474 3524 1891 515 2470 8698 777 9254 7841 2009 7613 7221 1591 7848 4894 5313 7939 1047 1200 7548 4970 2611 5254 5915 8709 9727 9438 6951 6594 8260 5648 8453 9036 3228 3755 1671 6800 1697 2292 1000 6590 7604 5290 7636 5155 9450 2720 9054 772 2236 6025 8150 2104 3940 3675 8697 2199 5675 3501 7586 3773 7165 3879 9230 3965 5575 1521 4964 8516 5476 253 2503 6983 6055 5222 6826 3809 4052 2850 8311 1305 2250 7154 1 2828 3502 8385 2952 1060 5549 6830 289 9513 2404 8161 828 919 3637 1081 9773 619 3006 312 7057 3465 4184 818 1338 7170 2865 517 7023 3469 6797 298 4723 2662 2884 3489 6324 2872 921 9842 4407 7442 2847 4718 2596 6256 4231 2412 439 5048 4477 8128 8569 3693 8645 8465 8090 5114 4748 751 519 3983 6843 3206 7864 3047 2270 6732 5894 5680 2149 7570 4443 8939 8969 8920 7067 8964 2063 9480 3905 6879 9505 8346 605 9096 2511 6038 7793 3901 4995 7191 2523 8078 9436 5862 109 1584 3431 8751 9823 293 2639 8707 2119 5585 7975 3928 8579 2790 9518 8494 3662 9124 852 1646 4270 7507 4378 8223 7289 5281 5097 2391 5103 1741 5030 241 447 3500 9282 2383 1474 6311 5854 5452 1077 6553 137 8198 721 2057 8944 5697 6768 392 8088 2133 3117 4815 8931 1314 4441 3468 3976 845 9322 9427 6766 6750 9724 6348 3302 6213 1500 6970 7502 9908 2797 5604 3189 3691 1673 7317 603 6126 7764 8268 567 1232 7763 6905 1670 4529 1393 6956 3957 7657 4807 7279 1511 4714 2087 4307 317 15 3847 8869 5519 3518 2474 5996 301 741 1532 2984 676 8436 1005 5204 8441 8749 6080 5396 2706 88 1598 1267 2070 2257 8437 6103 4647 7305 7974 4159 142 8025 6874 4100 2812 9303 1252 2979 3000 5684 1822 7172 440 2027 8876 4482
6105 2533 2455 4268 8726 9253 4779 5219 6791 8202 3243 17 2301 6054 4246 7956 3657 7224 9689 6656 9259 7862 6209 1277 3985 9732 1717 6011 1190 6944 6844 7294 5828 9298 7913 4553 4902 2691 9771 8045 7245 3013 8061 5897 5418 8658 3852 9075 5882 3541 5730 5140 7754 8290 2769 1738 8021 4485 4101 9210 1428 944 6503 7256 6594 4416 1808 7847 3458 7931 5891 702 7295 303 6599 2713 8961 6802 8139 4842 6694 220 6333 4448 8510 9101 2537 2882 3585 2989 2092 1365 285 4946 8620 6878 5713 6779 1076 9171 1061 6967 6224 8356 7269 9174 7420 6229 5976 5558 7422 9021 5777 3755 3468 4286 9207 2357 3520 2792 5345 5611 508 1981 6908 5479 5210 2621 8609 6286 1791 9670 3252 4366 8025 6872 9892 1796 9453 5867 7353 6874 1239 9481 6980 1059 119 6187 3415 3638 5330 5111 9248 5837 7092 6155 7667 5127 6275 8586 3269 5944 8189 7635 320 5061 7526 2115 4513 9744 9467 7738 982 5300 4718 2040 1806 9055 2585 4654 4773 360 7160 2439 9012 2287 8713 3950 5555 1009 2138 3189 1328 3550 7066 3443 4414 6809 9261 2152 4143 4560 3221 2534 9977 476 692 5383 9412 3960 36 4184 671 7196 2974 9682 9482 1686 9983 5036 2694 8473 4577 374 2022 1642 3816 2788 4803 9428 1291 5297 340 4511 7830 6668 4986 8521 2051 749 2480 2086 4932 3150 9281 4257 9184 5114 2294 9166 150 1340 3990 4726 1713 6012 2719 1880 5151 7521 1307 6441 2817 7998 951 6999 4666 2288 5519 6716 9388 4351 5153 4319 786 4927 9387 5899 7220 4905 6048 8559 8894 7125 271 1257 6196 2150 6407 3716 9809 9199 2885 7806 6501 9883 2471 8788 1753 5538 8175 7043 8845 6307 7828 123 2045 3726 7343 6949 6126 5901 5843 9602 6172 7099 5797 4673 9858 9513 4481 9056 8749 8639 5557 8631 7461 696 6735 9351 5223 9190 6393 419 1848 4220 542 3892 7945 7884 7193 422 136 3035 24 2659 6485 5820 7332 6342 5332 8164 1750 432 3154 7306 5414 615 4353 2149 9965 9575 7690 2709 9994 5889 6928 6887 9780 1224 4770 3324 1646 2710 1669 7564 9195 7488 1247 1888 9172 5762 9989 9603 8916 5017 9530 7999 3517 5846 7573 1206 8554 3918 7094 1833 804 3225 3056 5573 6549 4701 6830 9258 6369 745 4804 209 1991 3044 9380 7752 3032 5334 3019 6678 6702 8900 4676 218 4745 2248 7775 9650 2518 4868 1482 3321 4445 890 5246 7345 5590 8427 2954 8311 7758 4871 7513 7153 4250 1616 184 5935 4635 3213 2637 3534 7888 9206 4631 6488 6981 632 9005 8200 8466 8677 2644 9355 3922 9988 1296 2348 2942 9606 7870 7051 4476 5382 4203 5077 3350 738 7364 4336 3951 6352 7869 1838 8851 8325 9483 3681 737 4300 2358 3654 6279 9720 4949 4979 9013 907 2848 6063 1734 4582 6617 6811 7354 526 2266 1304 6877 6486 3142 2433 1689 7818 1322 7523 7851 8410 1822 208 8141 5475 2838 4212 6775 7816 3224 7681 7016 5638 9415 7949 2254 2577 2231 9608 3102 848 911 9978 7333 404 8762 5373 4574 83 2895 2424 8492 4716 2631 2985 6542 1820 9669 5988 6772 7349 2409 3115 7303 4663 2043 9533 622 5144 380 1532 1473 4064 8288 6587 9437 2861 6669 8683 5284 1513 9751 4266 4497 6292 6085 8044 5960 8424 4815 9661 7778 9127 5080 8238 1170 964 8859 2665 1343 6742 4138 1759 5029 724 1195 7889 3744 9524 1608 5979 141 2456 8623 2578 500 934 1001 5314 594 5131 8889 9721 210 3478 2336 3554 5220 5430 4043 6978 458 1118 4524 4699 1214 753 574 2821 6731 715 5277 5353 3292 2128 6287 644 7441 3232 5774 2682 9304 6159 6545 9861 4847 6451 276 493 2058 733 7963 6581 1783 9176 8348 416 9423 9976 2120 2714 2103 8406 9709 5896 7990 5483 8577 7293 1087 3838 4030 5933 6640 9109 6208 7132 7518 3293 1446 451 1427 6973 4135 135 5321 4550 9557 5296 6670 8622 3751 8331 9646 9416 3813 8222 3061 7982 5660 3250 2011 1593 9889 7471 4152 3372 1341 3796 4818 8143 8142 2277 1709 3462 3179 1266 5110 6200 9887 5212 7626 4569 4857 3394 4733 9430 2806 5089 6055 6681 2295 4899 7185 5666 2591 980 6835 2554 4977 3009 4263 4790 2539 6251 8738 1766 1462 2716 2687 6318 2461 7419 5747 5266 7188 7672 3912 3868 9966 8810 7404 1983 1400 4736 8818 8484 7289 146 1493 7903 4935 383 9782 1186 9121 7900 2647 1836 586 5317 648 8004 7415 5913 4488 4602 9936 4752 4822 9901 3561 2225 8235 1313 6960 7052 9796 601 7197 7640 8503 4375 8285 3495 2536 8667 1682 3121 3983 2329 7476 7750 4593 8316 2351 4528 3067 7172 780 6627 9397 9014 4291 2708 2418 439 3308 9614 4430 1811 8097 8804 6447 4117 8650 8982 9136 6683 2102 9470 9011 5929 7219 9955 4244 9570 834 7310 6741 1613 289 2489 627 4579 5197 1369 8504 9009 5799 6666 954 9464 3926 5956 8445 2638 6898 2531 8001 2827 9749 7955 3422 5670 8789 732 8763 401 1020 1251 7379 5598 2799 6774 3319 7655 2135 5469 672 5592 6422 9517 2377 8930 5015 1830 1460 3015 1008 7560 7321 4429 9582 5160 8344 9214 5946 6592 5097 9718 7799 2751 1852 3267 3795 9688 3557 9663 8417 8489 8592 9783 6403 9149 4029 3963 6469 4809 3544 6321 8239 4495 536 7438 3331 5632 7155 1129 4734 5358 747 8156 9152 435 8064 8815 5203 2904 3758 4985 5925 161 485 9953 4123 6953 4762 4018 2234 7434 8608 3080 6284 9143 518 5967 1127 7095 5860 3030 7842 367 8533 4628 8431 3699 6182 1334 7457 3611 7617 8002 3563 8091 1306 8460 2109 7067 2971 2561 3488 711 3687 7512 4157 6893 8350 6265 5425 9329 1047 9124 5510 8733 2932 3027 2343 548 1028 5905 4990 8686 6933 3449 5393 6867 1547 137 9427 1387 847 9466 8898 5004 1716 5790 9705 7980 9034 9027 6689 895 4111 5972 6453 6519 1301 8709 7860 9986 5641 1308 4914 1034 8174 6461 7522 3953 8369 3418 3096 9724 5133 8885 5780 6450 4813 9491 5708 8952 5462 5981 1756 8333 7281 465 6192 3619 2457 7500 8532 9842 5673 1344 5977 5542 2084 9394 8637 8159 878 3873 3938 342 323 5103 1535 9813 810 487 1626 6790 2242 9958 9058 6150 392 7867 3649 5276 7708 6619 1423 1650 8513 3506 7395 3501 8016 4625 7374 1954 4966 4048 7056 2852 212 4217 9690 1837 7358 8284 1795 4131 7341 4296 4523 5207 7944 9798 9267 9968 2768 689 7969 1280 547 4781 8562 6340 8506 7657 2553 274 2764 4490 198 952 8199 4833 2746 2330 2173 7041 6852 3732 1336 3001 2998 7656 38 1976 9752 584 3691 4532 5498 6382 9389 2364 4038 1941 898 1056 3479 7447 2007 1678 2279 1105 4007 4451 7210 4534 2185 6562 3883 9840 8681 3921 1815 8432 856 1858 9315 6353 5055 5069 8629 3347 4058 9526 4402 7536 6972 2761 5565 9250 3865 5923 52 4713 9484 938 6897 6045 4820 6736 1078 5092 4903 5861 5948 3112 1528 8652 7702 6582 72 6330 9929 4129 2207 682 8017 9178 3442 9933 3658 5856 1183 8371 5339 5267 7736 3291 8355 5165 8383 9609 7377 2720 8904 5685 6773 5757 3103 8118 9885 5309 8799 4253 839 8593 4186 1969 8602 9503 1731 7974 8591 5818 1265 3297 5999 2905 4711 3614 8716 8748 1803 4472 9920 709 9863 5071 7053 3663 8616 1890 4876 1940 9973 2849 530 2142 3826 9476 2815 3082 1409 914 156 5954 1737 4710 5873 2445 4572 943 1624 957 5607 6996 3849 8223 7864 173 7424 8393 2314 4240 8570 1789 7055 8003 5974 9252 9411 125 6517 5918 6078 8254 8302 7050 1550 5597 7159 9525 2766 6521 8829 2966 1095 6692 3138 8518 1436 5451 2758 5 3592 6164 4359 5917 1767 3769 6041 6039 8470 2889 3017 3124 9938 4567 8720 7097 4091 7976 9862 6963 6805 9179 8058 9848 2316 2927 1284 7766 2036 1357 1999 7274 2119 9666 4601 8157 7489 1174 3778 874 7009 7087 9497 3906 13 8580 6832 2698 8935 406 9770 933 4031 6087 9404 49 7039 4536 879 5085 4850 4657 7176 5530 9710 891 8969 5233 9463 1068 165 2646 2363 2862 7865 7649 4934 7298 73 4337 7346 7112 1896 8233 3333 8998 3316 6569 4206 2126 7940 2680 5244 6938 1394 4457 1154 9043 7724 328 1373 5213 4664 5070 2324 6559 9654 6665 6243 9087 5663 6751 2402 9671 6607 6389 8149 7820 6088 3603 3064 9377 4997 3872 531 391 1595 718 9319 882 5381 4388 8291 4041 2574 3127 4588 7636 4839 3869 9410 1688 3012 1103 3622 4360 1327 504 4750 2921 2526 1819 9759 3551 2979 9316 8194 8241 9079 2850 2828 3066 4730 308 6723 9568 528 4881 8977 8567 5478 8340 6022 2700 7348 5955 3801 6620 8480 1972 5211 5522 8190 3905 67 8497 9145 762 1324 5491 7983 5285 5058 386 7077 1994 9450 7444 7777 6797 3398 1577 3416 8229 3548 8627 2819 5422 3168 5488 1080 985 1841 9546 1182 8741 5739 7698 9167 9691 556 3487 8332 5412 6884 6260 5180 1465 9808 3806 4283 1581 7357 7068 8052 8928 6244 1823 9927 9052 8668 1142 2829 498 309 8871 7405 8924 5736 688 5593 8347 7057 4506 6024 7691 6086 2996 5047 7399 3975 7557 3642 7858 3569 7552 8588 8693 2169 5437 9001 1039 2841 4277 3396 4928 4964 5340 3274 7182 2396 7780 3205 6438 2552 7836 3370 6302 8162 7279 9943 310 5136 7861 8124 4802 2906 292 238 1906 1331 4357 6417 7631 1030 5164 5410 7953 5626 9489 5788 8996 6274 5733 4259 1947 8472 5885 6749 7729 6176 3338 9634 3858 8520 1287 3476 2368 4055 1106 9750 9218 2867 335 7170 8493 9310 1965 3259 3761 7697 1521 5996 8692 9096 6420 8785 2406 142 1552 925 1429 1380 9644 2485 9393 1053 5352 6080 3844 2255 7683 4219 3493 1443 8268 7362 6053 3072 2473 3004 8494 4878 3145 6398 2154 1797 2760 261 164 1964 3621 1089 2159 5875 4972 9841 6445 4816 1064 2177 6950 8230 21 7054 9376 6233 8283 2520 2630 436 9797 6758 8584 2556 6125 9071 9745 159 7492 1971 4768 6298 1319 5831 8474 7509 3055 8895 108 7663 8390 6535 4108 5177 2683 865 1590 4235 660 5920 5982 818 9763 7952 3447 4766 9774 3033 2410 7673 9288 1687 9135 4573 3242 7255 459 9318 8844 1045 5855 1536 3025 3078 5839 1676 2877 4910 6624 7642 9811 6397 7026 2220 5577 1050 9875 4865 9089 5361 3661 8603 7268 5413 121 2463 2809 5675 8318 6124 1342 9201 9400 8429 4309 5992 6070 4119 8740 9448 2690 4317 497 8917 9181 5937 4426 9598 9231 5228 3217 995 5348 5679 3803 1022 3996 9926 4583 1057 3907 4643 7048 6329 5776 7803 104 2624 3071 5636 8561 6413 4510 2930 1640 4078 3925 6988 9756 4079 4361 4005 8944 1792 9278 9741 3920 6248 6069 9033 2035 8196 6836 8490 6258 477 3605 6889 2945 2887 7022 3163 8220 3129 7241 2580 7597 7875 1376 7079 7152 576 3172 1072 6823 6456 3788 51 7311 9549 5746 9505 7416 8690 8743 8648 5711 8257 8839 8423 3094 3673 6525 7177 6725 9696 8248 9899 1639 4703 5108 5426 4346 5159 9088 246 2038 6102 5805 3522 1197 4453 5584 775 4950 3469 5549 4396 7142 1698 920 4318 8422 4672 8605 9971 6132 668 7265 9679 655 3367 4563 2464 4015 3958 9590 7426 5138 9712 3187 6983 5236 3949 8905 475 9287 5109 8407 8125 7916 2642 9039
554 5105 9405 4511 1046 4721 1937 6183 784 2855 9369 4118 4443 7328 8066 4946 9959 3323 5420 5072 2609 2914 1475 4069 1320 259 5796 4526 5177 4834 5080 6633 4238 9590 7679 5311 7878 3861 6094 7085 9582 212 1527 3261 4629 6472 9571 4303 8244 4643 6912 1157 2469 7332 2476 2727 9867 8271 7253 5043 9456 2332 1675 3693 8273 5705 9003 2503 9566 1449 5939 5499 8012 7465 8759 8992 288 4682 3295 8531 9324 6558 9687 8144 3889 8514 7222 107 3136 4474 5149 2591 3157 3176 6284 7782 8880 1638 6636 4797 9438 2574 6647 7449 38 1758 2793 6677 6439 6087 5208 2114 2644 1246 257 2884 9760 7478 9343 2895 8304 843 5486 7812 4018 8121 5593 9250 6110 2228 398 5548 1153 7045 2996 1190 8802 5788 4219 1592 8226 9426 3705 7221 671 313 6457 6782 7790 5799 9677 2445 6641 1514 7011 5986 2201 2612 2095 781 3009 7642 1933 53 6990 3123 5206 9129 7341 6797 7355 3118 6853 927 140 7165 7383 6922 1307 9533 2950 3751 2526 815 4007 9536 6800 6208 2147 8894 3340 1507 6536 5272 1560 9877 4746 3117 9005 8438 6266 2711 1555 3638 8047 283 7372 1589 6905 4269 1691 9430 1435 5698 5317 8234 8257 3815 3479 1596 5321 6366 6867 3232 6242 7965 6349 5247 6402 2614 7957 2083 7946 2355 2365 5318 3674 305 2222 7942 1996 8003 9376 4045 3319 3961 2301 7133 7439 248 2453 3805 3466 5685 46 1430 8385 1644 7832 7350 5953 2140 9432 3898 4494 8149 5567 8167 8453 7788 2460 2142 8187 844 5460 9496 8944 9585 6095 7749 9741 9561 9785 6139 7342 8169 4134 1525 5518 86 3664 1301 336 4509 9449 2254 9027 4254 6394 1486 1053 8535 9672 1897 3995 1818 7744 9290 7755 3839 7038 3847 9751 6822 9985 3444 4990 4119 4969 6859 556 4984 8160 7243 9493 3960 9497 8519 8213 5890 6357 9266 776 6028 7514 1122 4198 5257 412 5447 2150 1549 4271 8487 4993 5612 8957 6313 8823 5864 1296 3334 9459 7140 7293 8955 5659 5506 1196 2015 1123 1971 4394 8636 9445 4943 244 9856 3246 2043 7304 1748 3591 7926 6586 4935 9890 5542 1247 5064 7757 2543 8397 7215 9682 5689 2521 1692 7546 68 58 8668 8391 4452 7303 7835 5746 3899 7690 5941 1345 7091 5883 5623 3676 818 5512 5569 2064 575 3325 958 5323 540 6992 1011 3060 5035 4909 3128 5093 3576 1518 5896 7231 9352 1641 1129 3393 6984 3421 4737 4074 9303 359 4101 9669 4888 9148 2994 2197 4470 9885 9188 1833 2944 6741 2423 5667 316 292 7914 5995 5906 1378 5739 9242 4798 476 9667 453 7186 3768 6924 9408 9788 1811 4907 2781 4008 9377 2665 9547 1209 1961 121 7949 735 2139 4616 7379 6404 4866 9725 2310 6243 5464 1551 7393 7569 7845 9476 1336 4768 5235 1124 2931 142 256 3290 5870 9273 2836 7078 7585 9309 4671 7799 2345 2049 4203 7210 8126 2864 9805 3589 766 7197 5879 8334 5041 5354 9670 6160 6941 7145 5442 3434 3752 8731 3024 7919 2732 6960 3579 4109 1631 1377 2805 31 5579 6367 8156 8442 6171 8096 9207 3367 3974 3893 8407 5680 9914 918 8972 7058 6360 2405 7161 1442 1707 185 9360 4438 3496 2938 4898 5126 4315 7702 1509 6245 4068 6016 1039 6590 4112 245 9956 4437 4137 4714 116 4050 5632 9087 7459 8343 1491 4620 9784 9549 1156 5496 3986 4651 8433 8883 6129 9099 2937 3989 1696 3356 4 2734 9946 4115 2978 6253 4904 3467 967 5019 3868 458 7644 8300 8650 7427 4201 9274 8186 807 4059 3287 2709 7275 4852 6064 3631 2361 4097 6915 8614 9000 6733 5932 371 6952 5233 7180 4630 2876 5479 3279 6654 6031 9435 2280 4217 6594 6338 6232 9494 6697 3507 698 9112 7137 4634 1473 1233 7900 6438 6585 984 8721 6955 7936 8917 9532 5964 8548 6185 1995 7982 8464 2563 6551 7159 6999 9599 7017 7696 5062 505 8681 2886 8089 2933 9323 4673 3916 4395 1627 8203 4699 5760 7120 4230 8076 6767 70 10000 1582 8984 7279 2735 1886 789 9733 1484 7805 3780 2897 8309 8812 5783 2749 1457 7422 8364 5852 5400 6566 6902 7512 37 7484 5587 2055 4250 2008 2183 991 2037 1269 2825 7353 711 629 1132 3607 5289 6296 9389 8037 4391 846 1810 9106 3049 5672 9950 2060 7433 307 8034 2314 8873 6569 9656 909 7837 3733 5190 9593 713 2673 9551 2353 5320 5292 6063 2489 8551 5168 5537 7191 1838 480 9251 7138 9717 8 5803 4941 6576 5458 5849 765 4340 5933 5954 284 2997 4978 9834 5349 298 5125 2089 7613 639 9501 6398 8718 1339 3229 4320 3313 366 388 3320 6168 5328 6248 7977 1176 7012 2316 3460 2965 8951 6456 8785 1804 4591 261 950 4226 883 8829 3726 3632 1416 3213 8217 4728 3578 8604 4400 6098 3931 647 426 1458 7658 9094 4917 6974 8044 7724 1267 3180 9527 5858 3441 9770 6807 7666 7004 1987 7743 6988 5511 200 4100 129 2703 989 6226 2985 7987 6652 794 5745 2062 8969 236 5663 6093 6760 1785 777 5140 1238 4871 2127 7121 381 2326 7573 2455 6627 663 5032 9612 1683 6757 645 3779 8819 9614 271 8603 6201 3590 618 8645 349 2402 4247 7477 7541 1836 8699 9668 9080 8345 2881 8754 799 9507 9416 5831 5470 8065 3865 2227 3996 1045 1027 4266 5999 7227 7855 6616 2223 4555 5369 6469 8383 9262 8305 7081 5281 3613 2512 3625 6493 1265 4424 681 6606 1469 5097 470 47 6510 817 1091 7536 5082 1114 9288 6409 3336 3842 1777 2224 7390 4461 5657 2670 8073 8168 2647 4565 5785 3422 2817 27 4735 7913 6848 4781 775 7665 8310 2746 5664 9424 2034 2072 9111 8915 803 3942 9727 2811 2963 978 5609 8715 3114 9030 1982 5930 5408 6716 195 2256 7849 969 6272 71 9278 5734 5053 3754 4157 4164 5981 709 3135 4650 9157 5945 3964 3307 3274 9573 8374 6388 4954 6707 2317 362 9774 2511 7622 9831 5240 7693 9109 9778 513 714 287 4676 6694 7347 4106 6180 8348 2124 2311 9272 1749 1883 3997 8136 3189 703 9902 477 9315 8870 8098 9146 461 4606 7420 8272 5118 8133 8558 6146 1178 6603 3709 603 6216 2184 2913 1839 3933 1148 5836 2068 4336 6538 8872 4237 3366 4539 3106 7816 36 9918 9957 4641 3689 4580 8174 9489 2255 5703 1744 8857 9412 2346 1424 1595 5259 3263 5527 6406 5450 3947 741 9170 4977 1705 3708 4434 9520 95 4056 2564 3544 9451 8267 5288 4660 4030 3985 6083 5624 9243 5697 7503 2000 1146 7801 2740 9485 3322 1189 7030 4853 708 3476 5555 183 8211 6298 590 1759 8861 486 2125 5868 7508 6109 8303 9484 1704 3999 3338 3703 1497 7490 2795 981 811 6862 2169 4192 8067 7668 3621 9410 2230 6352 3988 5131 6837 1548 4961 5313 8821 7773 2070 4656 2420 7993 3179 1834 2325 4896 9186 7064 3188 3604 6291 7207 7225 5701 9436 3494 2052 9775 4976 1322 9937 552 5089 5109 8324 3510 9764 4152 4108 3682 9845 6006 4741 4936 1543 8123 5147 4447 5329 8723 6499 1116 8568 4902 890 141 8564 9832 7044 3652 4940 1719 7162 4703 3091 8810 5903 9287 1102 1908 379 6037 3451 512 4949 9333 2192 3671 3308 2238 7084 549 5781 7224 1964 619 9116 6903 2337 6277 1605 4559 5719 6766 1357 7867 1736 2171 6622 767 3471 9310 7141 5730 5219 9518 7863 8794 4981 9826 4096 6729 8100 6724 4685 2658 7803 9471 151 2021 8191 2276 6713 4859 9394 7164 8704 3675 5299 7672 9404 6869 3541 3618 2014 8522 7777 6524 5876 5693 7560 4886 838 5362 988 5250 9225 6010 1962 4083 5404 8496 4107 2896 8130 4277 6116 1671 7895 8129 6544 2257 4213 7556 8124 9370 8394 3486 77 9381 7220 5326 4958 3639 9040 8632 8486 286 9090 7007 1283 5649 5242 9177 6866 2386 7296 7430 6870 1204 5554 9597 9039 2667 2610 4344 5838 4334 9326 822 2819 5963 9911 9825 1847 3482 1107 7495 3976 507 9853 2713 4155 7283 5358 2172 1306 6634 835 1885 6920 6218 2597 3845 5388 8559 3756 5212 405 7237 4252 2312 4579 5510 7291 3324 2792 3224 5033 1979 1747 204 1172 413 3741 8839 4258 9128 3749 4365 691 7953 9712 4756 264 5686 9434 878 2976 21 2551 494 1999 4297 6831 2202 3584 2506 9591 5100 6355 1199 3938 612 6678 4038 1328 3720 4543 5633 3432 5650 8800 1681 6029 790 6049 3214 7510 4465 7446 6190 8422 2544 6103 8712 9508 9132 7187 2852 3643 6283 9293 5067 1434 6980 6747 7462 3888 9862 1522 7908 1069 2339 4507 5661 696 9769 4082 1355 1894 2637 4206 5536 5455 6840 4828 521 8159 3620 2086 2153 7507 1947 9359 9029 6206 427 7719 712 3379 7759 1413 7460 3701 9987 6605 9151 1341 8498 8139 1898 4033 9945 5213 466 9713 9723 437 8150 1875 7943 96 7586 2653 1041 3364 771 7474 4583 1175 7406 1187 5099 6036 4815 3348 4759 4789 1632 1576 4501 2651 9581 6307 9098 7166 1751 1530 3374 1466 7537 4144 4956 8726 2818 8713 9912 5846 163 2299 660 9863 2367 1770 350 9698 8056 8061 8153 7637 719 3603 4802 3052 2683 6425 9522 219 4813 1526 5646 3982 6591 1909 9827 6753 4208 6838 6615 2926 4960 7617 9627 4657 3120 7683 9069 1272 6140 1226 2824 5543 2930 5507 1967 2452 5725 5238 3616 7598 193 9144 7424 3297 9703 4262 6264 2628 9221 3880 8606 229 6288 4310 8140 7134 8778 2640 7581 4716 7238 4670 4472 8793 4862 9967 2569 3182 774 8648 4653 7254 8982 1652 9893 982 6274 9122 2121 2803 898 327 1155 4830 1394 8392 6026 9215 1170 7277 9182 90 1787 8850 3271 8912 7498 2024 3565 1103 7357 5216 995 8339 7841 5197 3812 9961 6614 7211 9562 4120 2040 956 8863 4417 3371 8078 7259 5676 8786 7697 7322 7411 4679 2828 8406 7020 9954 3333 2838 6145 543 8751 265 8934 9706 9127 3076 7204 75 814 7316 2908 6993 966 9700 1750 6686 3072 1703 9865 892 6009 3298 9643 2625 8583 5700 1752 8285 5128 5307 9925 5202 2473 7241 6765 2098 1679 2493 5023 3458 2596 6772 143 2019 4827 6359 8720 8071 1712 1344 6653 7412 9447 1290 2539 1106 1214 4092 8454 856 5675 6879 3504 6962 8722 3456 740 3029 6167 5513 3583 3162 6229 6587 6925 7876 5815 6781 9906 6710 3895 7113 8736 4906 344 8792 8410 118 3871 1723 5191 2074 5178 1454 7794 2904 2581 7728 6066 4314 9342 837 2190 5157 3969 7631 8527 5765 6431 4556 1192 5339 4779 529 6852 6458 7561 4719 8330 9978 9880 2643 9319 716 1184 4475 1036 8814 5889 6691 181 9473 9636 664 4974 9515 9929 5502 2718 4371 8311 6509 8913 1286 7580 3594 7615 6236 3286 4527 3772 5562 8937 9979 5627 7118 159 1451 8466 9931 9830 2765 4593 9908 5625 9857 7545 3204 3450 5160 7015 9686 8445 1541 9809 8908 3454 8745 5260 4372 2377 9943 2174 5482 640 8302 9033 9842 4483 4390 3774 4291 1935 3329 3446 343 8242 8235 7149 8041 8682 2408 7824 3053 1137 7766 1578 6618 2217 2880 3608 7602 2721 4442 5750 8832 9523 4149 9204 8240 563 5898 8369 8804 4133 2304 2173 6986 4712 6348 6390 2200 4114 5169 9420 8048 9379 769 3820 9887 627 5761 4775 6120 1316 9366 6682 7214 4086 1837 1346 2391 4141 9870 5728 5204 6217 8470 7403 2789 2571 1831 9813 7738 5651 6051 8163 9490 7125
10
25017818 169200
22671428 22804579
8323965 571599
25349771 18297934
18942562 39232011
4665570 70258128
3156413 21017439
54125712 55145886
60147260 66206889
31722752 30190612

6 6 6
6716 4325 8676 2901 843 4587
1005 6086 6551 1616 9391 6244
2051 8565 3059 9846 1072 5738
10
63069956 13841040
225284 14147668
2066595 44483028
69391824 43540272
52159712 5642500
27005300 28727069
43076517 18617074
4688016 52126590
5263692 52126590
60964722 21335421

3 7 2
8760 6601 9836
6843 9016 4065 7716 1519 7009 5708
4705 5732
10
15493959 3524082
59514616 19125825
71838177 41078450
17499642 13325400
10026919 51679712
33371328 1672272
19998513 16187622
68940524 44228112
75894576 19125825
61398840 23300580

8 9 5
7797 2624 9073 1057 5321 7114 1299 714
9213 2343 9512 7225 9350 9642 4872 9921 6466
7843 2961 3832 9646 1396
10
6261160 27644232
26874835 34590020
34659408 28549962
90184568 3005625
70248480 19072100
30196080 123522
10191594 13278752
10191594 27686200
6675900 18376149
16966784 28165032

6 5 6
1930 473 5761 9753 728 7084
7923 6218 804 425 3974
7835 3205 7593 4408 546 1391
10
21040425 17023293
5767944 438984
1551720 4325958
21440560 276830
8562627 50419720
5767944 30174582
34865248 58276710
7669820 6104772
43900527 40625390
5767944 1873400

2 7 7
9664 6004
7598 4083 7939 723 2936 4093 1240
4419 5960 1747 5677 5673 4705 9491
10
28373504 23179191
68823205 23065548
17627744 18042777
7444960 16655928
3280212 20810669
2865965 18879032
36903020 37854999
4783779 28628744
45618392 12974184
11983360 24334680

7 6 6
150 9787 7867 7871 6335 4386 9138
8540 5126 5168 2024 701 9454
3245 3072 4042 6572 2211 7082
10
1766448 528540
37456440 6217728
40864425 587556
78038520 36599776
768900 11426448
18495312 15876096
50579216 4964482
218925 3895697
5902380 5833744
3783087 79249347

4 5 4
5380 9795 9786 3360
170 8932 3276 384 2588
4052 5977 1691 1947
10
13064428 23027697
14047568 5093968
48827700 10545615
3761280 10486576
24031644 76170660
571200 1555968
38942275 4219544
25349460 53386564
3757824 13274352
48054160 2295168

1 10 9
6534
6636 7809 5594 5310 4569 4780 5529 9838 2528 4403
9382 1522 130 6891 5020 7839 9356 6195 3984
10
34695540 51729324
28769202 621400
11596635 29138340
31232520 34252155
29962718 44082720
64281492 22936380
15937520 3925284
64281492 44845960
33093200 44577954
36147465 25438448

3 10 5
8311 7103 2221
3203 9283 3739 8419 7043 1303 6373 4283 4957 5387
9209 7393 569 3697 4409
10
44576173 612413
15991669 5805803
39103067 1562569
7113863 85487147
3854707 1612813
8304319 85487147
14154433 18883747
50026429 68629219
18698599 5744927
6450739 10606567

1 6 4
1095
1915 8481 526 3980 8260 7179
7726 1814 2829 6771
10
3894620 28683697
4358100 57424851
53969580 13319064
16510176 1561977
2096925 65524206
4358100 954164
25228000 27389250
7861005 65524206
1943396 43705691
9044700 3473810

6 9 9
7218 2725 4739 5879 9376 4490
6785 378 215 7700 9429 9762 9504 4195 8548
4352 5709 968 4842 2156 3518 3865 9976 8023
10
1565904 30581716
45039456 85274848
38380520 94811904
18489125 830975
7797715 41312898
50253692 29528320
47670532 2560402
7910112 8573627
46262118 45655218
56655046 7665700

3 2 10
9501 810 6738
948 1157
3699 4240 8187 8227 1798 542 8390 4654 3133 8178
10
35684064 155500
34198407 2351525
40480608 28021980
9006948 9707230
767880 9707230
10992657 2970084
937170 1704504
30308125 16261707
29306610 38881416
9006948 2080286

7 3 6
6002 7989 8387 3072 3097 6200 9877
1152 573 9755
8323 6786 4806 3682 4977 7509
10
5659521 46882530
2535624 24561935
7142400 81190865
9203328 81190865
81815185 5733504
548760 14871408
58165470 5711664
970400 78067188
22812900 67189372
30211235 5536512

1 2 3
5
4 6
3 5 7
2
1 1
5 2

2 6 2
1783 5794
4231 1131 8964 1456 2380 9910
5778 5628
10
9580935 9919188
65251485 3399720
1445886 2091606
57418540 6365268
55274064 1153345
9517032 13570458
2016573 13394640
7543873 8412768
2596048 6534918
17669530 50449392

1000 1000 1000
8111 1109 6073 6329 397 3347 7577 3461 5869 2593 6029 2659 2753 5407 9371 3413 4339 9833 2269 1097 4327 659 547 2687 1429 2621 79 5059 9391 7883 6829 643 4051 3359 4481 1303 4549 1759 7789 1061 8501 4007 7853 7537 6967 1531 7103 5003 4723 61 6607 2819 787 773 6143 2459 3709 6323 1409 6689 4297 1861 947 2221 5779 5851 7547 4027 1427 9049 5569 257 3169 3557 1163 3779 9311 8849 9689 4057 1999 6301 7643 6599 3911 9859 4919 3943 4597 5281 9173 457 6691 1499 107 6263 4271 8291 8747 3593 1787 5471 7927 6857 2999 577 9431 2713 8663 1511 2729 1 8761 3877 7529 1667 2591 1741 317 887 9041 6361 1093 9011 9787 9539 613 1597 3209 7673 4729 3203 5653 7741 4337 4657 4091 3529 8831 2089 1567 7907 5 503 9511 929 2749 9629 5717 1901 5309 6269 1123 9349 2671 2309 4111 6473 7283 409 2843 8779 8699 8311 2963 6661 5441 1951 2399 4909 709 4937 1483 3469 4721 3137 601 2647 1433 7237 4153 4127 421 509 9151 571 8171 6917 3559 1907 1459 9803 4817 353 7349 9623 9221 9461 3121 7823 6949 8821 3229 1297 8429 277 2029 7549 971 3697 691 4289 6043 1193 8731 8677 8563 7109 9601 6761 439 9281 337 937 2351 8209 1609 2161 29 3517 6121 2111 1367 827 53 5743 23 4451 5501 3301 7817 2131 8681 9239 6203 8539 859 43 5099 3547 2531 9463 313 4159 8971 3671 3527 19 6491 137 6569 4157 8963 2293 3491 193 2213 5107 3407 5689 3089 6469 4513 7411 4013 1117 8669 9091 9901 857 1321 4751 6367 8461 9631 4373 9923 4649 4871 1889 7639 2137 2243 349 8447 1217 7573 7753 2539 5821 593 751 9929 2887 821 6359 9677 4243 9323 4583 8627 2207 3541 4567 1013 2 761 5669 9973 769 5987 3701 5209 6947 4831 5153 401 9619 31 461 5393 3371 5477 5527 2113 8419 5693 9949 7207 9967 1019 2297 7187 5009 3221 1237 4483 8093 2389 7703 3119 6763 4391 4021 641 467 269 6553 2153 9883 6547 2437 97 7459 3019 1693 4679 7151 1987 4217 1487 7159 7309 9851 9067 6637 7057 8969 907 7901 2383 7933 3613 2311 227 3037 8431 7873 233 3581 2719 6173 6991 1559 5683 5927 2423 5051 7193 9587 2381 9857 599 3847 1913 1373 8807 487 1723 5413 5827 6373 6521 5701 1223 7079 2003 4441 7759 3793 673 3851 6899 2693 2767 9343 919 7229 6779 2741 5903 3923 7829 1289 2939 8263 5227 3163 7039 4519 4423 5113 1471 5479 3109 4861 4409 5651 1931 1823 4133 6287 1933 7129 2017 8597 7481 6971 2143 1201 7369 6131 1229 1307 59 8219 1481 8839 5557 5189 2267 9161 7507 73 197 977 3607 4049 5261 4507 7793 9227 797 6037 2551 229 2417 3041 6101 5449 5297 9377 4813 1657 6091 2239 6277 1579 5237 6673 3251 1091 2969 7621 1451 3637 4973 2237 6397 7019 5437 2521 47 9007 4957 9871 7879 7583 7877 3271 2371 1619 1279 9643 6581 881 6719 9721 2711 661 677 2927 5531 3761 5039 1171 7541 4201 541 7517 8521 283 8161 1553 1801 3823 883 331 587 7699 5881 2917 5641 3323 449 809 293 4517 1721 1621 4987 3001 9719 6883 7219 7523 7351 8941 6551 5167 8353 9341 2087 6781 3533 1187 6217 9473 5939 3989 9817 4231 1277 2801 1753 7433 1423 8117 2903 3803 5749 499 8609 8581 5711 83 863 6803 7297 4229 1129 2879 8221 2689 9767 9439 2857 8237 5087 4523 6823 5381 6983 6791 4457 6863 3931 1259 8087 8293 1747 4759 1783 1709 1489 2633 1213 9421 6221 4637 6703 7937 3571 2141 8053 7451 6133 8009 4001 6343 2549 4493 8243 5657 967 7589 4349 743 5861 1447 9157 683 2441 9769 1601 5387 149 7027 7717 17 9397 3881 3511 941 5303 9679 6163 1087 8231 443 9013 3167 4211 7247 8929 8741 877 8179 8123 5171 1877 829 4993 8369 5431 8233 6427 983 9187 3929 8069 9739 8513 9533 151 1231 4253 3457 9839 5521 2467 839 8867 7919 4363 41 3259 1549 4783 211 101 5647 3253 9931 5233 7499 3343 1949 1063 9649 8573 251 4273 5791 7949 9403 2851 8719 3947 3907 8693 347 13 3023 4787 8363 6961 2203 7487 3391 4967 5519 8011 3767 6709 9127 5483 9743 4651 6659 6911 8387 8101 3677 7669 239 2797 6563 9811 6317 2731 4073 1291 3313 3217 3 4079 823 5279 7001 2617 2287 103 131 6067 3067 4561 2909 8269 2957 5801 521 3623 9887 9103 9109 6737 3257 8167 1399 853 6113 3967 3373 5011 4933 9433 6199 9733 5843 4703 5021 431 7561 5333 7559 3083 3329 6053 4463 6679 2281 6151 2251 8753 7213 1283 5849 9257 6229 5101 8893 4591 9043 6311 4261 8423 7307 5953 1627 9241 181 1069 1637 6089 4603 307 6481 5077 6833 8273 5591 991 7331 701 5639 1453 3821 6353 4793 4733 2339 4951 9029 3673 5813 4639 9661 6379 719 1571 6869 8819 1831 3643 1439 8089 3889 8713 5323 6997 8191 1327 7477 1301 1847 8629 4877 367 5023 953 7591 3049 383 463 2027 4943 9337 1523 139 6959 2053 6577 223 1789 8443 4139 3463 9829 6571 6389 3659 4241 71 3583 1319 6247 5419 3733 3863 6421 8623 3011 1583 9907 7321 8863 9181 2011 199 2099 1543 173 1049 1381 3191 6793 3719 8647 2707 7993 7727 4673 7687 1973 113 9791 179 7603 2393 733 6299 3727 8641 5923 6211 4999 3617 9319 8081 4019 2083 4799 3433 9293 5659 2777 4621 607 2347 8059 2503 271 5741 6451 2803 2473 379 8543 739 653 1181 757 4177 281 9697 523 3739 5417 5197 4003 2377 9941 1493 1997 2341 6011 727 3631 67 8599 191 3079 3389 1733 7457 6079 997 5119 8861
9049 5801 3019 3041 8221 4583 863 9221 383 6389 9901 6761 2017 8431 5153 7823 6793 1753 5879 5107 1069 5479 9623 5791 2699 8053 7673 9199 3323 6547 1201 5881 2579 8297 9817 4297 6529 3919 3593 7211 853 7057 3203 5531 2999 1303 6047 8969 1009 1531 3389 379 4517 17 2711 7723 6067 197 4357 1013 5 887 9829 2713 5653 6343 7411 2971 7283 1723 3709 8699 5471 71 5233 643 4243 1873 1481 8467 2441 6553 8563 41 2939 6277 9857 6857 911 6871 5689 3989 233 5039 839 1031 1871 1627 3089 6197 613 2341 6337 6217 3301 9973 947 9403 1471 9887 5351 1667 8447 5449 8819 9007 5693 2917 2381 1291 9319 1423 3541 4339 8669 353 5333 1193 401 5237 8609 397 6659 7963 5477 113 3461 991 1733 2671 149 509 1783 9719 7307 5557 6011 3313 3643 6427 8731 1543 2383 1289 3607 6451 7151 8941 7177 2633 7529 1051 9209 421 3191 1579 5987 1861 2 1523 4967 7309 7681 1373 4231 1609 1493 3061 8831 6959 6079 6257 1049 3259 3571 7643 1109 8737 953 521 9461 4519 1151 3719 6779 6883 3727 8963 2131 4703 7523 9851 1933 9643 977 157 2731 4909 1249 6379 8663 6961 4157 3137 5717 9241 3923 8867 7433 4679 317 1453 757 9413 941 3217 4133 1223 1061 7603 3539 4003 4289 7649 3557 9769 761 3671 8423 8209 7589 7919 9941 6473 5407 4651 457 701 7039 1409 281 1567 8741 6673 167 2473 691 7937 7369 2617 8753 6827 9949 4159 2963 89 2389 4493 3011 2593 3613 8521 4663 9281 8837 5197 4229 827 5659 2503 1021 9059 5521 9619 4943 3109 647 2861 8537 7547 3083 4423 6781 8999 8291 8269 491 3821 6121 1319 7993 5081 3761 9739 6577 2903 8951 331 2591 7541 7213 823 9437 8353 4259 3911 4111 4733 3793 7237 2969 8101 809 2083 3067 5849 3209 1327 1283 6449 8573 4649 9133 2099 1117 6661 2909 7933 2423 487 2393 431 8599 6521 5309 4673 1787 4349 719 5431 743 4397 4831 8761 1949 3533 293 6143 131 4783 3779 1619 503 5387 5519 6833 3467 6653 5927 1637 4079 8821 2311 7507 6679 61 1279 6299 929 5827 4789 5939 283 6997 6823 8641 6073 9181 3257 1663 5023 7927 6329 7537 211 9433 4919 7949 7351 9467 2161 2729 3677 8747 311 2243 9043 7417 4337 5147 3559 2521 9497 4007 1097 439 4409 673 5647 6029 1997 4441 8233 5273 3943 727 1801 2753 467 2027 3001 3659 8693 7297 1181 1087 4523 4091 5861 7687 1973 8501 6983 6791 1511 937 5741 6037 5281 8237 8219 1867 7499 9091 4027 8527 479 5623 3167 1811 1171 769 2887 83 1321 5059 2557 9871 9377 1091 7243 5783 4937 9787 4241 677 4253 9103 8093 641 9791 9721 9931 683 67 9833 5189 443 6899 6359 8597 1427 6397 2347 4153 9239 6911 277 1669 337 7639 4447 191 8861 137 8317 6703 5003 8231 6841 6113 5591 29 9277 59 2843 1277 4093 5179 4951 3181 8111 5573 2399 3823 6151 1459 8369 8179 1993 9293 1367 4327 1489 2137 1231 5701 6701 8581 599 179 3 3253 7477 2113 617 9151 9227 9203 1259 1571 73 4597 821 3407 5711 313 9421 7451 967 6619 4457 3359 6101 9533 7753 9743 6091 5563 8389 7759 5743 5279 563 3331 997 8329 8161 3391 7703 8719 7229 6247 8807 1039 8839 8627 7079 9001 6967 2531 8363 9067 3701 2741 7247 4723 4889 4129 4729 13 6803 9431 8863 6607 6007 9137 1163 463 9463 3863 1979 2897 2089 4273 7517 7883 223 4813 6599 5119 6173 3547 9677 2659 101 1879 4451 3673 2467 2297 2551 2687 8123 2081 7793 1987 9803 5669 7549 3967 5657 1601 4999 5839 6569 9697 2789 2411 4483 9679 4099 9883 2179 829 2287 4877 9391 229 9257 2053 8677 8539 7331 569 5099 2801 1063 2039 7 5807 5051 1607 3499 5077 7459 2851 9649 4219 367 103 9551 7727 8011 2371 8623 109 1433 6491 8429 6949 3907 9511 3637 8971 8243 7393 571 7621 9419 9161 9397 9283 1361 5779 1381 433 6221 9337 8039 8293 2819 733 1889 7457 7829 8147 9733 8081 1709 5419 349 907 5347 37 9613 9343 6917 347 2837 8069 5651 3347 8117 5261 9109 4567 7951 983 2339 1907 6229 47 9473 1123 5851 5501 6571 4261 3527 6581 7577 1429 2111 8387 2087 4463 2953 5953 1583 4363 5569 5323 2857 2609 3833 1697 4973 7591 3691 8647 7253 4993 3847 3733 2663 2063 659 7757 3343 9907 5437 797 5483 7187 6301 3931 1499 593 4801 3947 9629 4217 1229 8419 6907 4547 7001 2003 3853 3169 8443 7907 8803 2213 9349 1901 3917 1549 7013 163 4421 8543 7219 499 5821 2239 4657 4957 4759 5867 8707 587 2011 1747 5227 4871 227 7607 3583 1657 9661 4049 2357 3307 3229 6763 7853 1187 3187 8929 6053 6089 8923 2269 3491 8273 11 5303 409 7043 2539 5813 7489 2069 53 7127 251 9689 2777 4481 8311 6163 8933 3877 1721 193 2477 3121 7207 7487 3469 7817 8191 6469 271 2129 2927 4691 2791 5581 971 6361 1931 2683 4637 1777 8887 9173 4549 7561 4787 1307 5843 8009 8263 3251 3803 3449 811 239 1093 7873 8089 5443 9811 1447 7573 5903 1621 3221 107 9491 541 139 6317 1597 6287 8059 257 7159 3631 1129 7333 2767 7193 2749 1699 9521 3697 4751 631 5231 2437 4621 3413 7691 557 8893 1019 4561 3617 7789 653 4603 1741 2309 577 1153 9127 4013 5527 3511 4969 3767 5869 2207 5011 523 3163 6323 3881 4283 359 5749 5641 6367 8287 389 2707 7121 619 5381 9187 3929 8783 7129 1297 6481 4507 2833 5441 9029 7027 9767 4391 7741 739 9371 3457 3319 2621 5737 5413 9929 7901 6563 9157 6203 7069
6521 5021 8101 5623 337 8237 6991 3371 5479 4999 4903 1619 7727 1747 3709 5851 9419 8009 1481 3623 2551 7829 7547 673 6967 4391 1427 1049 2087 2633 127 3697 9029 3659 2129 9749 7789 1429 8431 2833 6961 9871 9283 9421 7193 5171 1861 5237 571 6067 1609 8783 3719 2579 5791 1979 8059 3643 8779 7187 8171 997 1223 3797 4007 9613 5737 2593 5939 2887 5927 5279 5843 3323 4157 8389 5059 8161 4421 7537 5483 7699 6977 8167 9463 2609 5101 3191 1543 2539 1571 6323 7753 5897 839 7393 5399 7351 7001 2081 3467 2543 8677 7529 701 431 353 9851 8887 7411 8081 6379 8111 9907 5881 1009 8713 9949 6329 4733 4931 2879 2693 4547 4091 3677 1733 1103 5743 7639 5023 6949 9437 7589 8681 8353 6299 41 2909 1039 11 9689 2311 8753 9433 7127 1321 2389 383 43 547 4297 3769 5987 9619 653 5471 7247 9769 2657 6073 9227 647 823 1297 911 3911 2663 4177 9221 6563 313 3823 1823 4567 1949 5443 5 1753 2269 3853 7877 3137 4079 2903 6449 953 9829 233 5521 3761 3049 373 8219 5807 569 1789 4519 8369 4051 157 9157 9859 179 5573 4211 5849 2459 1721 541 6007 8863 9649 1301 3169 9473 1669 9533 3319 8951 3041 5087 4793 7549 109 2417 5273 3119 5581 5801 2467 9631 1847 3863 6917 4801 9857 1759 757 6343 5477 401 907 8929 6301 6133 7561 37 2999 6733 2287 2351 2741 9001 2039 7331 1019 6547 4349 2 6373 5839 4523 6997 4603 8039 947 3209 1997 8387 2243 8233 9431 6599 1433 2063 3307 4871 6263 7517 9041 2621 2011 919 2017 5701 7219 563 8287 7963 5503 3221 1499 4637 3923 6473 2137 4229 8563 4691 8317 619 4649 1151 7321 3539 3673 9839 4561 449 4357 2707 9941 4373 2237 6143 8429 4481 8179 1951 1361 6803 8839 4241 6269 3571 4019 7951 1237 487 5107 8443 4457 4987 4517 9929 2687 2683 9403 1013 9137 9241 6883 3767 2473 5647 5563 9803 8689 7669 6113 1973 6619 1093 2689 1063 4133 1031 3613 4463 7681 6571 9629 6823 9551 7477 3347 4129 421 3461 3617 2557 5683 6163 2861 1409 7603 9883 7451 5227 6029 5717 9721 4201 7103 3 3851 5119 2927 4817 9679 8537 3011 6247 7109 1987 4951 4909 8269 1787 59 1021 1439 5297 277 4363 8893 4073 4583 9173 8419 9133 9281 6689 2843 137 8629 4513 3109 7079 4723 5437 359 8669 4969 1399 1129 6491 4877 53 8647 7607 2341 9277 4409 9547 7457 8093 8423 1453 5531 3931 4679 5323 9127 1723 7717 7927 2647 9931 389 2677 5081 3877 7523 2423 3271 8933 1777 2963 7069 6091 4651 659 1597 1999 9467 5051 2357 971 1559 4451 2731 3547 3529 167 7879 2083 9719 2711 2777 3329 9733 3583 3359 4933 5659 8641 479 3449 1621 307 1831 8017 1459 2447 9337 5653 751 8191 6053 3691 9697 8089 5923 4639 1117 821 2143 6827 9103 1637 2383 7901 3701 4013 5501 6793 6661 1523 6553 4021 491 3331 5827 1091 1867 1667 1213 6719 4003 4483 9067 6899 1447 8731 4243 7673 6353 9091 4027 2381 2789 317 6581 409 6911 4159 9587 4597 6907 6317 9887 8527 2837 2857 9349 23 6983 2441 6481 9623 8543 9923 19 5783 6857 7867 5407 5639 2239 5879 1913 6389 1229 6199 3917 727 9967 3181 5867 2371 8461 1373 5413 1051 2477 9439 1879 5591 2029 6197 6637 9199 3019 2111 3001 433 3793 3037 9341 7823 4759 6089 3407 6221 239 5981 2411 2549 7691 4493 6701 2897 6173 7283 2309 1489 4703 281 3023 1583 3557 9901 8069 3989 3821 6121 439 7541 181 367 2267 7057 3527 8581 331 2819 4271 587 1871 4973 8291 983 6469 6211 941 7703 1471 3541 5381 2851 9203 7027 9601 4591 2221 881 4099 2027 6131 8963 5347 1901 4943 8501 1201 8297 1 4127 5441 5333 193 1367 79 8573 5519 9511 4339 641 97 9661 5869 6653 1123 6659 8807 5711 2053 4889 5261 4861 9043 7177 827 877 9521 1783 1709 9767 7349 4787 5669 4441 3433 9811 9013 8741 7121 2729 1493 7757 3637 2069 4231 7019 6427 4813 13 4957 8363 2749 6079 8311 4721 7207 4937 4643 83 733 3083 4093 1259 8849 89 5113 9187 419 3259 3463 661 577 593 6959 1811 4799 347 7489 1231 7793 8597 6673 6761 5507 1319 9319 2753 3631 8803 9181 311 3389 3203 2141 4327 1487 4789 6361 2521 3253 2659 607 6397 9343 5099 7591 5821 1657 6779 3343 3121 3929 283 73 5303 2699 709 2713 5153 8627 6287 4049 557 3229 7687 8861 7229 8623 6101 4259 7507 2591 883 3593 8123 2719 887 5003 6833 173 7043 9209 7759 6151 2437 2393 191 4657 3881 2399 6359 7723 3313 6829 9391 5813 113 811 5417 1283 1163 3301 769 859 773 991 1451 3739 1483 467 1579 6203 8087 9677 4967 6257 223 8467 4289 7129 199 7559 7919 7487 3533 7621 9791 4423 7433 6217 9739 107 2161 7213 1109 1381 4001 1279 8969 1607 263 6421 1307 7577 2503 2131 2003 2293 6367 8747 9781 5741 3187 1097 4919 683 1217 149 2281 3803 8329 1801 8377 967 6871 7499 257 3373 9973 4261 6037 9377 8707 5039 9011 829 9161 6277 5167 5393 937 7649 2179 8971 2099 3361 809 1033 6841 9239 163 8221 3257 17 227 643 9787 5309 3943 4783 1931 3517 3217 9461 5527 1553 8293 503 9109 7297 8599 9257 4217 8609 8053 1061 4253 2297 1511 7253 7643 6577 5179 6569 4993 1549 241 2531 1187 5233 7741 761 3079 2113 2207 2917 2377 9397 8831 8117 5197 8447 397 3457 1933 2203 8867 349 5147 3163 1907 6607 3061 463 4153 8243 31 8011 521 7937 9311 6947 8693 1873 4057 7817 9491 6737 4549 47
10
73273297 26957783
19611409 38479303
13483517 14198663
65713337 44037589
21417787 70474037
5450953 29189161
12757793 9201737
4329673 27768757
4768201 68126567
22299253 13271353

3 3 8
5778 429 7447
582 1832 9587
9264 8778 5408 1844 7873 3312 1802 524
10
10585296 5391648
52234236 34630817
19559364 16301250
4112823 9907456
20610070 36052264
4112823 16081296
55393686 4582086
55393686 16081296
15997366 38276
38748660 24502072

3 8 8
8237 9439 9791
1999 8807 7307 2617 7699 5189 3467 6217
3271 2441 3347 4651 9461 229 2267 4261
10
939893 26741359
10691171 13381517
21444919 51881341
68970773 12171667
48978971 21497887
17283899 203297
562811 28205833
28557679 17367583
18868561 17836387
72670861 69131527

3 3 3
9251 436 9387
6235 6760 1431
8457 5002 7844
10
63456120 31187470
2947360 7157862
4142500 56885536
25354776 5592612
57679985 57169320
69326877 14303639
57679985 57169320
62536760 11224764
70280265 1816883
14164167 8096868

10 9 3
5231 3739 389 1021 11 1063 6287 3779 1847 4967
5563 8521 4099 4409 7549 6959 881 8311 3803
1109 7793 5653
10
43751233 4889581
27719383 6169367
11661791 4013011
82807 3422663
4375927 23171647
23236319 42549599
99479 463439
50107 1462849
61193 9449789
76549 64767623

4 5 7
5314 4136 7038 6076
7667 7115 970 4592 8980
4781 6066 5074 1905 4269 8106 7335
10
26418555 18945430
53960346 72791880
5841864 1298400
24401888 72791880
31710712 23299808
81143037 3898953
63201240 38902358
1978560 29672580
5893720 72791880
6046975 74473548

3 7 9
1368 7334 1052
1244 9180 8064 6434 3807 4970 5631
8622 7526 9931 9062 9092 6992 5532 4551 281
10
12209166 46110870
1701792 1069767
9123496 50783760
1308688 55921461
45031376 90108162
25632761 12586600
7461720 43724992
40783404 19602081
5923812 37807317
36449980 69088680

7 9 9
7303 7731 5040 7845 7227 9362 8417
8019 8675 7162 8341 5137 615 3608 6232 85
3428 8577 7353 6235 2014 6849 9072 5814 2995
10
45409728 14076810
5053728 60082176
16060464 7476636
57191722 37398966
62694225 5274855
10036188 18824240
428400 48494574
26075016 27489132
43722000 1841925
63353525 53451864

3 9 10
6118 6805 7901
1484 989 6056 8321 2710 9795 2079 2850 2381
6404 7087 1590 388 8461 4010 1666 6429 9895 4008
10
76122648 58460848
16426179 7009043
77390295 17590419
2730200 41454035
12719322 96921525
29500770 45140472
18441550 2349728
2330025 9587777
3876600 391510
18812281 53287684

6 10 7
4597 181 2579 8269 5051 3967
3739 3499 4889 2477 7883 8161 8269 1949 8623 3389
2741 8539 7727 8039 1361 8803 1367
10
28206851 7383463
43554773 10728763
12511327 63060047
6388183 28128461
3898723 796417
1560763 30801697
31967 1933637
1243 6704123
9198221 38321953
8959553 66629921

4 5 9
4751 2543 7129 9103
5231 1399 709 4871 3373
53 7247 5581 9787 6043 2293 4561 8929 337
10
10151749 24041117
37291799 33011551
5054461 7807819
69902473 14062969
43229287 9821953
6732259 88924819
37291799 6330661
57615973 967207
37291799 33011551
6646649 178769

5 7 3
383 2377 641 3853 6637
3851 6353 877 2347 2017 1973 9433
4999 1013 9403
10
4970431 3141353
2468491 88698499
18146131 12199379
898901 2043221
39601813 910489
19744453 25245413
1722827 23564413
3612839 18965851
335891 18552119
1264693 22068841

9 10 8
3319 7603 8369 2767 2543 5077 1523 7309 6581
7963 787 6607 2221 8291 6761 3923 9059 8893 2917
2543 7759 9001 7481 743 9941 2273 9497
10
9625393 10915543
49525093 3455027
5648003 2167331
31971437 107087
18281569 62024971
64998937 86033323
50233021 64329869
2916997 9377309
25817263 23037037
23056807 3631157

5 6 6
5099 211 9137 257 1471
1399 6917 197 7561 1151 3931
5081 5527 2711 9547 3109 6563
10
359543 7554013
26753003 2166631
38553539 10988597
55163993 68799053
2080471 48536959
35917547 3792689
64504367 20381989
19937837 29744479
38553539 25799153
35917547 3120361

10 10 8
4973 131 9721 433 9679 113 4943 571 9733 3491
3203 2377 1051 1499 9371 2011 4231 8731 1873 9049
5231 991 6029 1283 2141 313 9439 4639
10
23135341 30233117
12650039 49235609
554261 8652421
1357267 85413511
13916717 25909801
15462857 19193029
5168771 4649299
5350841 11201873
18510017 1377287
19464469 47335319

8 9 8
7759 6101 101 9421 1753 2153 2677 7561
3491 9173 2819 2939 6803 2861 8783 6329 5477
2791 6329 653 7457 9257 5279 8369 6619
10
86418833 4442359
46142123 10305949
7867703 23943709
31687553 20021371
52784477 33410791
10654243 23187233
7546463 4132837
86418833 55587607
46731271 460699
19334599 14052223

5 2 2
1069 359 9043 8387 443
4001 9781
8941 9067
10
4332983 35772941
304307 4460843
49764727 6773927
10455889 35772941
17742493 69190711
10455889 36277067
697651 1388147
88449583 36277067
16237619 364613
1436359 88684327

7 9 9
3792 5078 5957 8013 2379 8294 5898
9801 1581 4184 7034 2031 4378 4568 5662 1255
6360 949 6015 9515 700 5817 4665 1077 1624
10
4831749 1351635
21173306 25965604
78535413 9474615
2717246 67657575
10048976 61195200
81289494 7300335
10867272 3298344
69339600 822074
33526392 1500369
11432050 9641804

1 10 1
1891
5222 8768 2562 3627 6466 6696 9094 2990 1485 6439
4761
10
7304436 11154460
2808135 24861942
12227206 30656079
46850844 10097620
4844742 7070085
76271769 18684240
12662136 43296534
52007008 7433370
12176149 30784626
6388200 21869172

8 3 4
8080 1193 7166 4224 6805 6954 1372 4228
2583 1997 3833
3419 6427 3777 9899
10
38020005 1270287
8435328 8831277
6023655 70743132
8443316 25569117
7044037 30351512
3432189 28574073
18509778 6827743
3081519 12834719
2382421 14477241
5412804 46455741

5 6 6
53 9439 1249 8753 2903
1303 9649 2063 8527 1213 5657
7541 349 7757 9547 3527 2269
10
6112531 13660789
109339 11580511
18057439 4595681
11449507 2975923
54263731 296617
7279949 10526401
511397 12835733
1557691 4934333
5988889 10107371
5982437 3596939

4 10 5
8099 6677 1931 6216
8204 5447 9953 3702 9232 6364 7629 1556 3368 3793
7500 4879 8747 5528 6187
10
9492083 7733256
22488136 74647500
42492428 45042928
64396050 45859311
2886688 3171610
30719507 16432472
44115253 18062058
61867848 8601568
30382169 72759000
20627642 31356465

10 2 7
215 5208 4951 6815 9588 5813 6211 3675 9787 9018
2810 1086
1500 2725 8951 4181 930 723 766
10
9793548 25152310
86244273 21771486
50752200 11025168
25340580 2959350
59144720 2555784
10628682 2613300
75955056 66702900
3991050 11748610
17452910 2959350
12183560 3953885

3 2 1
6322 542 5315
3699 8810
8361
10
41788416 10671990
4775020 30927339
30785000 76773488
23385078 73660410
4075764 4227968
23385078 73660410
46825150 30927339
69711894 30414765
14389596 64260508
23385078 73660410

10 3 1
4432 8200 3487 803 1563 4819 9180 5482 9426 9705
5933 3740 3887
4735
10
9273279 18404945
13553969 17708900
30668000 28092755
12016448 16047075
26295056 18404945
1016000 33149320
3627000 23109414
9273279 18404945
1323535 611056
77122448 2228870

3 9 5
3591 2233 6610
8580 147 8316 9693 9502 7945 2464 8338 132
6366 5016 1509 9381 7277
10
328251 48620088
29862756 11989005
19159140 3718176
57235707 43787448
872520 1069719
6178536 37053268
14979600 97100416
16284197 642880
5502112 41823408
16833723 42604544

1 5 6
8053
6827 2411 9227 7963 509
7487 2861 2069 3673 73 7477
10
25892651 763177
64126039 1053121
64126039 1456249
4098977 18051157
394939 14592719
11462923 22399
54977831 59618981
54977831 1053121
52254977 6092551
10577207 88521977

8 9 3
7558 703 4342 5515 3436 4302 5529 5923
8743 8196 1438 3442 3945 132 2629 959 5239
5566 4369 4871
10
17129190 576708
14498935 4671289
12195183 26781408
16410983 19645515
1010914 4671289
39596362 42587153
58467599 32347172
6697080 50862847
8517274 11486101
1292440 14060475

6 10 3
9851 5651 9413 7949 8641 9817
347 401 6047 2203 2089 2551 5923 823 9349 9521
709 4079 6101
10
93467657 24159917
52831199 58087621
15329173 18991481
7111543 1635679
858761 26717519
24012563 8521031
17511647 10405529
12787661 26661917
656093 42534887
40608541 3731639

2 6 10
3430 6882
3252 9918 5684 8643 5603 917
8518 9965 6925 8058 9617 9961 2587 3601 68 4538
10
39117288 6350225
59481126 11710452
9756360 86492158
468950 37857600
3145310 79919244
29645490 79919244
11297510 46500
11154360 31123443
5061081 501276
5733712 19571820

6 2 4
7243 5233 8971 4643 8387 2551
5449 1811
7673 6737 977 9521
10
53758399 49667857
16197371 31418623
25299707 12200707
406787 26930359
8408473 5323673
13900399 17242531
13275919 40178563
6289637 160729
9476963 5323673
48882979 17242531

6 3 10
421 3299 4649 5009 5737 8167
1019 167 1607
1187 7699 7039 9739 983 1427 9829 8443 5081 2843
10
62141831 25899077
32102087 5441677
836503 10015751
70307 11311673
3361681 1409981
836503 1907509
1659167 37203017
5104171 1285733
11784853 11977393
630041 45975623

2 4 1
7417 4597
821 1733 6287 457
1171
10
28901339 535147
56802143 25240511
46630679 2029343
28560271 4380977
3140287 4101077
3389569 2029343
7245781 19317979
20210521 68861711
2100829 7362077
28901339 961391

5 6 10
9612 7690 8434 6115 6435
9678 4216 8657 9222 6753 7868
9759 796 6808 4520 1936 6366 3836 5815 2020 7887
10
41294595 19056320
93193292 14748580
33296728 15387312
11029024 7960355
81624252 65902527
16312590 5529110
59343570 50087688
62277930 42989598
112320 6997926
51930570 61610148

2 7 3
3550 6678
6319 728 7626 4643 9260 9122 4868
540 6917 3719
10
22432450 52749042
22432450 4925880
32873000 3412260
16832256 10286226
14209262 6672876
31631832 129756
6570870 1100196
61838280 2507220
2584400 18104092
97881035 54647796

3 6 6
8707 7933 1013
6619 4969 8123 9721 7247 9011
2917 1321 7013 3671 3373 4229
10
52508527 21013901
12575897 3847523
890689 19441787
9128143 30647563
12798769 1913573
39419077 24444131
6705047 9573287
2992061 61588049
39419077 28356157
1232519 24437533

9 2 3
5801 1613 4297 7547 4643 1049 2909 6113 683
2069 4813
5477 5077 353
10
20681461 10504313
1413127 26360801
3287279 730357
39751297 23794937
5048837 10504313
53848423 2599123
26498753 2322139
7763369 10504313
36241567 33477863
1606937 34066999

5 4 9
4616 4915 533 8752 3790
643 9921 7076 4777
1200 3907 8130 7488 3679 5257 2829 4887 8151
10
37600590 35770176
23478955 2365597
4943796 41668634
23478955 4814784
72537845 14726691
26027456 5849720
12862161 17128152
34778540 25112689
2436970 18663739
14449169 29752506

7 4 2
2894 3178 3458 9104 7883 8401 8908
5029 4809 1196 8946
5549 7777
10
9428068 26685141
3800888 49641354
67555874 33392643
44798332 9301292
38804323 15796581
6531459 31720600
45784016 6636604
15283002 69573042
7003701 5815782
73261960 10006389

4 10 10
6296 8664 4089 8748
8201 7737 7395 1687 3278 9933 6845 6281 7848 3480
1803 1449 482 808 3704 4446 9898 4168 8995 3564
10
39545176 32247816
8698620 44975888
6714470 16136880
62538168 73195710
14616168 27391080
26870184 40421766
68654304 25353880
9207760 19317984
64465271 12681809
39545176 4749822

2 8 4
3825 8642
4480 864 451 7844 5675 5991 5089 460
8868 4321 7527 9192
10
4118556 32776809
43979138 45094257
3705660 15967003
21706875 7941888
3975320 45094257
10287505 3272724
1643484 84108024
43979138 45094257
19465425 1987660
39453920 11735192

9 5 5
4408 2262 5368 6418 7677 1053 8343 8621 6832
9276 2654 1276 1854 3417
152 849 3085 7044 4541
10
3598101 65340144
23344944 5719590
18132128 28616460
33727800 736435
8636936 60636924
7474008 24168304
1910162 26831968
12605142 27346500
4193748 42122316
22880134 65340144

9 9 3
61 2447 4297 9173 5743 6637 6661 6779 1097
4637 839 2053 6299 6719 1229 1597 1571 4969
4759 6481 7537
10
31555351 173113
13498213 12610399
10464431 6323543
5568443 5848811
49271 13469251
44594003 47475563
5086789 10181651
12159143 40823819
61954201 968441
75970577 241819

2 9 3
8748 2427
7952 5732 1094 7804 4744 1786 8713 3247 6444
9709 6760 3412
10
4334622 58899880
5696663 13332720
69564096 43561440
12890800 48226446
15639588 75769036
18940308 32069440
26392128 21219648
15639588 75769036
34308600 12202005
1574404 10706960

6 2 6
7023 1540 1620 4158 9466 5301
6172 6138
862 725 4037 5530 4921 8454
10
58424152 33943140
33300546 71652492
9998640 51890652
9504880 33943140
43969365 2572932
36673476 2154444
168080 10299756
23689600 46174680
9452520 5320264
9998640 51890652

10 7 10
7143 1003 400 9358 7605 9825 3953 4117 1380 526
870 4750 9785 8586 8160 7640 4114
2819 4606 4070 7147 1227 3227 6046 7534 5389 3916
10
29963200 2117301
3211560 9749974
71495120 19332500
38680105 61477440
76361280 11597366
7163364 31537116
47522280 23538843
16262642 64686924
6214410 73720190
68144407 516454

9 10 7
1374 8836 9262 1769 9298 9736 4563 8846 9426
7095 7832 734 8299 2972 3792 2661 4220 7581 8086
6584 9780 636 1880 2266 4991 7289
10
24646182 51565888
45234062 5116527
7448184 3353400
5210208 51565888
6824732 15602120
1395284 80158839
70215222 5002680
3130512 14577602
6708048 76596960
4881384 27872208

6 8 10
3621 8150 8891 8818 8092 3443
2918 863 2882 5169 500 5829 2454 8528
7899 639 1185 1267 7082 3497 9899 5658 7870 8411
10
10046674 18075993
2971309 1748500
13302180 15295665
1721500 20665276
47506350 60395296
230160 249796
22964756 10120448
27155120 18821820
17095120 687216
25623862 24292146

4 2 6
4619 3888 369 6773
9926 40
4548 9325 575 7651 8991 6236
10
38592288 373000
14760 89244666
22269129 35489178
67228798 181920
65113350 11217024
270920 89244666
184760 5707450
11806764 5811590
1948320 13121280
478254 588800

9 9 9
675 9798 19 6041 9817 5280 5750 2721 7436
2479 4743 8824 6055 3129 7369 5450 3862 8472
8602 669 8812 1979 4433 4968 3510 2988 8834
10
16475655 21324358
20391360 48025400
10337802 3975224
55966704 16008000
11646184 3507960
72341473 19186416
7143968 12428990
16521120 26841815
28405456 57533784
86625208 64935628

6 2 3
4492 4932 7804 5666 2207 4039
4791 3709
946 5095 8135
10
7885801 2299062
64486133 62479688
21015194 24410145
27145806 18897355
14048320 12908277
11027817 1269504
16660828 4532286
14980651 4532286
21015194 4532286
29132168 6955668

10 7 6
5099 8389 8933 7297 1571 5333 3739 4649 9781 197
6299 1109 4799 2213 7507 727 5197
4157 2393 7793 8039 3371 7243
10
1024169 55092097
8092373 17519087
10847129 19949443
5319397 4197637
33592567 40500221
7217533 3267391
13156567 7933663
46939019 21233929
88204387 2341231
43597633 8915251

1 10 7
8167
8689 7589 859 8753 8629 73 3221 8573 8747 5107
6211 5569 5431 4861 3911 8923 193
10
24025117 22482043
1429339 6354961
70963063 53594719
70015691 19973477
41708869 42519167
7015453 47189959
9060767 38355019
596191 48389041
31222729 14525389
16343251 11876483

5 8 5
7679 9564 7290 2139 7725
7715 371 4916 4550 4803 7048 7180 5838
4856 1510 3243 5376 8755
10
2704590 10642480
45935892 25019745
9867990 51017940
72714416 20355880
3548244 15942588
54445800 41475840
5830380 33883890
34939450 10642480
14632800 1882110
4030218 40778598

5 6 3
1601 8387 1453 523 5059
8677 8293 2003 2621 709 9439
9343 139 883
10
48857441 1473313
3586831 18714029
37362137 4049
2910359 7661791
79164893 98551
7613213 37188397
420773 21339361
4538071 2314343
36328139 7092427
13259639 1768649

4 2 9
2736 7008 8479 6363
48 2149
501 4510 8042 6090 4237 3980 2256 1573 8718
10
14274150 71651988
37692768 73571432
11411694 12942072
406992 3380377
32251120 10382304
5879664 292320
26061921 7608492
15060192 191040
406992 4848144
5879664 292320

10 10 1
6750 9026 4082 7125 9615 4296 7106 9136 9723 578
1155 7980 7041 2910 2526 4781 6986 9974 7375 5376
9678
10
32271750 52028928
11878620 96528372
33130980 4912650
14183397 4540842
37544352 47417955
24560298 96528372
4069698 46270518
30009590 3145128
20678460 68142798
42141000 63611080

7 2 2
5981 8933 9277 2203 1129 2267 3511
47 853
8699 8389
10
30337 58905589
103541 7420247
7913281 408853
22394557 8201
1415417 50727769
38429059 45517229
1933751 408853
5101793 394283
662923 53632529
165017 7420247

4 10 8
2331 8225 3381 7820
4989 1692 4031 8870 555 770 3258 9409 1561 6289
8987 7136 8778 8337 682 4411 4025 111
10
58815027 19617423
31811829 2221956
21263109 13113450
1876455 553779
7594398 11139296
13916700 698079
23950421 44827992
29263815 12160632
4206080 3735840
24113002 3524950

7 3 3
9860 9485 9884 3553 6605 5971 2781
9374 560 1001
1887 2983 642
10
88912390 2985983
3639636 2973348
10185264 39884040
23420340 1749600
2275440 6605016
88912390 642642
5535040 17688738
5311600 2985983
88912390 1888887
45820810 37885706

7 7 8
4613 7095 3555 5160 2904 2542 96
8259 9373 9891 2577 959 9604 758
3822 6487 4292 2291 2133 7093 2092 2426
10
32656540 24411422
70176645 17616447
19139979 29444124
20133308 9730470
44303252 1838908
2432248 17959770
7483608 53576133
42616440 5903907
2201232 35447628
65740116 17272881

1 8 1
1212
1241 9669 3426 6028 6954 5050 660 5310
8764
10
479120 21911228
6120600 30025464
7305936 10876124
9244179 35738460
7305936 46536840
47472645 72334944
6435720 52829392
4152312 10876124
66586807 72963072
36555760 71552844

1 10 5
4909
8584 278 1399 2244 8205 1931 8827 8342 5897 2657
5414 5583 4255 3594 6089
10
4713978 25106544
4036968 24665588
16137672 17147620
11015796 36524920
40950878 21193818
53364912 81910970
34212180 19282302
43331743 5028006
40278345 31724238
40278345 5028006

8 3 4
5648 6976 3729 3218 4069 9143 3695 1670
9228 9691 7950
2478 9964 112 695
10
16183970 1033536
1642680 5535376
44901600 1033536
1903888 4053938
7373989 7478532
6878280 5093792
34411212 5525250
17082484 12188150
52119744 5525250
35808245 1033536

5 6 9
6222 3567 1763 3649 5288
266 9741 7443 6705 1731 1679
189 7276 6740 4601 6261 6752 6683 2100 9832
10
18799144 24286137
57238203 3898680
47561240 27451305
63520171 18748178
6126671 1796032
51510408 12594756
23916735 1777678
24466545 11687712
32233707 22970248
10770282 45191700
