100

7 8 7
9300 3053 121 4319 8410 3720 6592
802 99 672 5268 8978 7252 1501 1539
8024 8195 3369 2619 4234 5275 8892
10
4582553 880308
27409834 22304712
9894592 30246882
11515840 30380883
50686400 45754305
16946820 15797780
75675748 3113847
60989320 6355234
30873600 7626458
33398160 30704968

10 6 1
5003 1424 4352 7331 4242 6423 5899 7764 8876 572
6478 2324 1052 5558 5054 8513
1686
10
54678999 8521044
5459920 4814788
9414748 5864144
75561388 9370788
4462584 10921908
714429 44336424
29181789 21285090
11626972 9370788
10203963 24515190
7914592 8521044

1 8 7
2466
8381 6175 4884 4672 6418 2167 9000 9160
8908 2330 4454 3905 9823 9359 5816
10
23561235 555095
12043944 27172352
15826788 21342800
2846565 2279955
15826788 19303636
49892888 10026674
37568576 24668700
15826788 10885760
12043944 45893056
1660905 11156250

10 4 5
5734 3998 4083 9620 6185 5960 3764 7142 7306 9097
1037 90 4156 5836
361 6403 7120 525 9325
10
28112556 69907158
35416680 65727620
1958528 18489996
23830504 544425
4145926 32490
17561550 59644970
37807132 374357
30363736 32490
5946158 47250
26314096 15289320

9 6 4
5563 8263 7013 5813 2837 3929 4591 9473 4373
6053 5849 8527 1429 4567 4283
5323 241 7789 997
10
50015939 1100647
5545769 7217153
15783631 2533987
32537987 66416803
2503727 32253367
1764907 695273
18392713 19870843
16827907 1458773
7949527 4270151
12150871 35572363

7 3 4
3977 8735 7462 9939 526 671 5360
1188 7055 5654
2200 4017 2296 9927
10
971013 8604050
6985330 30953280
17491326 18629264
157311 15949791
797148 15521000
52644410 4772196
56195106 28339935
3710930 56127258
26901304 20776700
49387690 4772196

5 10 1
7416 1707 8682 2449 8865
7763 5838 3904 9411 9912 4501 7299 6310 9621 7155
1106
10
62119710 10640826
84011356 41417353
26932824 77568750
28789200 1236096
31660986 74901636
9965466 8585878
71349336 10962672
1293520 4431750
16064577 4317824
67398366 8072694

6 7 7
5315 6658 4392 4710 5894 9705
9517 6867 9820 7343 1248 2851 2068
4125 7091 4232 6242 4352 4030 9753
10
4823616 24156011
41798664 27674010
32250456 5281536
33512580 14416663
52193300 42863814
53969216 14521532
63364186 12407552
1213230 9249042
18981958 27674010
31320369 3068299

1 2 3
8647
1533 7597
5927 1933 6651
10
65691259 9086091
65691259 10195983
13255851 50527647
65691259 9086091
1370712 4001200
19868598 20684274
39476845 35650980
65691259 9086091
4416096 61923440
11587953 11352048

2 6 10
1908 9130
627 7211 6356 2132 3619 4037
1553 4605 5448 476 7732 3307 8985 762 1058 4797
10
37147998 2167525
33041470 23846777
4067856 3828902
46586400 620480
6905052 21019292
4067856 13350359
12781867 20776085
37529574 18117745
7817150 959740
6905052 16484624

6 8 3
19 8093 661 3259 6841 9007
1597 2207 4547 4643 1861 6257 653 5519
4919 4157 2473
10
3104539 13588073
40954829 9174499
2128127 22942483
15098087 19300951
2753963 39976403
27961639 15802861
4135877 7855643
2855551 22646551
15098087 30778183
390529 16985509

6 4 6
937 1009 6113 761 1621 7127
2731 1499 9323 5023
7207 2887 9133 9497 4127 2753
10
2429879 25666219
48955943 12248603
5068207 24942223
22880549 14560591
1414279 71060471
35798921 6186373
263309 31266023
3748321 47198317
2558947 6186373
2429879 88540531

3 7 8
7113 9675 1699
2284 5203 4851 8154 2509 7314 6275
7549 7825 3753 4931 5729 9009 4493 2001
10
44634075 25655993
78889950 32861802
2975255 597645
10573158 228330
10661225 37959075
57999402 25655993
10661225 9706851
25879296 3680250
20064280 25677036
8731237 911162

2 10 4
2745 9682
1287 7563 5979 5046 9120 432 5598 6743 9635 9957
803 4146 8433 7815
10
57888678 23209308
3532815 24788934
20760435 83967381
53641800 71761080
52908450 35497088
18509535 42552918
59132700 35419440
25638922 4078050
26448075 43748370
20377747 8322162

4 8 3
203 9775 6843 3326
7324 3785 2573 5934 9366 6218 5921 7189
7311 7961 4602
10
12780174 13961178
1262254 47137081
41576076 9653875
70272475 45459798
26725384 6347670
1459367 11840946
58004850 57231629
40517403 11840946
2280320 28998684
7347342 8785480

8 4 4
9239 6151 9851 1187 5939 5081 9479 1117
9689 1549 4643 1553
4219 2741 9689 2963
10
45275107 13798243
1843411 12726463
42896677 26557549
9223267 19588817
16938529 32025457
9527899 6552107
5714279 9887947
11500843 4589687
33258791 2053043
48663851 6748877

3 7 9
739 7719 8833
7061 5848 5957 1935 8509 1861 4986
9096 7368 1701 408 4319 603 24 868 2778
10
7982520 46317843
63190019 41971665
35598388 15531130
32041471 56229550
4321672 14473809
38486934 789480
54503859 5130927
4321672 7385812
20215920 6747096
1375279 140352

9 4 4
8719 2293 269 401 6089 4261 6703 8059 6361
7177 3863 7559 6211
6359 8501 2693 5857
10
57839443 64259059
4276343 127231
60917981 39495749
41632333 45638543
50054449 32839363
62576263 16726223
51788747 27432961
16311677 26989819
17598479 3143359
21277447 47244187

10 7 3
8081 3889 7759 3923 2411 5323 1321 5279 89 7451
751 3343 9697 6029 8191 4663 607
5009 6521 4463
10
210439 61274539
25938337 39315109
16517561 46923983
54023 36556433
72252347 41028719
43240289 26907427
8886083 4576199
29986367 3294521
1440311 9625397
14535919 41028719

5 4 5
5794 5868 7555 6727 325
4254 2752 998 8085
1983 8324 1131 4737 5296
10
47442780 8435682
324350 9144135
28616658 22907648
16148736 35410296
9171040 340119
3543018 5323656
13932020 13102542
12157440 9179555
2627625 1128738
16525476 1443525

8 4 6
2621 9479 7019 9109 797 5521 5303 5051
2713 7411 3457 1889
3529 907 131 6907 7603 9181
10
14978473 3135499
4951069 12199753
873557 4706629
1505533 18738691
407339 25347559
6308227 13328767
834563 38763269
39300533 23877499
11429221 65685629
13703363 970841

5 8 6
5647 3463 6263 2161 6961
8233 5417 3049 6491 4159 9623 4451 2543
1901 9221 1663 9181 4451 797
10
63116363 11801627
17791513 11318893
18759071 8461351
21224089 5173327
57309913 4834243
57309913 59593871
70263593 65935099
26473679 4706869
31848241 2336387
1614427 2137843

2 8 10
9033 9234
3245 3684 667 5779 7698 7495 6804 9038
5444 1766 6349 4775 3381 196 6896 645 789 5658
10
63943397 48539217
34018056 10205714
6159078 1469020
29143055 39476982
53363286 722064
22812096 13647924
29312085 4599632
23082984 49289800
28818473 23071124
53363286 47585755

5 5 1
8489 5566 6979 3808 7431
9686 248 1544 5006 5814
4827
10
5441520 55119420
53912276 24163962
92739710 6086944
11473464 1197096
47928532 22942024
28986440 60307200
37199586 46754322
82224454 1197096
7596990 9943040
42495934 1197096

9 4 3
3881 4129 599 3259 7507 9059 6529 1607 3491
8053 5641 9371 5209
3389 3533 373
10
8370863 19117349
22847959 63201367
36368851 28451249
30540089 28451249
74634631 2747219
6350849 14931337
7279739 301811
23291689 33107743
2651879 28104917
33250837 19929653

10 4 3
683 6791 1447 4021 607 617 3389 5843 9349 5927
4229 857 1759 8677
5849 5783 1723
10
585331 14950471
39536921 5012593
6529151 14580143
39536921 1476611
45630049 7006609
13570577 11875547
5926391 4956031
81121273 5012593
10697207 13625303
5132951 3708361

5 10 6
6841 4072 6477 5994 3147
3555 536 533 9926 7366 9848 6808 6597 4039 3040
4479 8410 4866 3215 5972 2154
10
18221760 31661320
25699368 21468860
1633069 27991418
58405193 955696
33556725 11252433
67370168 3200992
53233785 47164336
11187585 44109192
50390806 31912090
11187585 13616160

10 8 4
8241 3714 6682 3312 9402 2483 1629 7026 4907 4905
1047 8020 1975 6987 5875 8406 6055 3656
4502 3984 4252 2483
10
34285209 37843812
36054096 25012
16408332 31406280
25687056 23406000
31381486 59675910
11285550 84728
48415875 25745860
31155426 21090752
75404040 26449250
7335150 29708724

9 6 1
6343 1499 2819 4481 4253 557 9941 7687 8363
3709 7793 5783 2689 9743 4363
6581
10
68645063 42862597
33143629 28712903
8448211 62028409
13051847 934679
36681569 28712903
914383 93958127
341317 1848037
1497773 28712903
31018367 17696309
4030811 24408929

1 9 6
8908
6689 1475 4386 4793 9543 2202 5286 4540 2206
7815 6690 8825 3336 71 605
10
21861324 49875705
13139300 35363340
3765891 23527424
40442320 35363340
19651048 14731380
20641257 17154900
48095280 1860415
19651048 35480100
39070488 42298225
74383771 4033912

10 10 10
1761 9383 5093 1161 5181 6877 8778 1284 2710 7119
9141 3269 3934 5716 3297 7352 8062 5374 339 7368
9565 2856 8199 3552 4714 7475 3464 8866 7952 1641
10
21267891 28364525
22480913 3242535
36872550 18030636
37141078 13464442
2413341 24645075
12975048 25995088
3539800 93225
53633228 3242535
38257506 31283168
19531845 3505740

6 4 4
9547 5351 8089 2791 9551 1279
7219 2749 1901 7561
983 9011 7297 4271
10
19176853 5726243
40458911 20059453
22236661 30832349
27825751 10111897
8884597 233273
9670519 11740979
9233101 20059453
2561567 3238519
20682161 48789067
18156451 68132171

9 5 6
330 3468 9609 1846 4875 5522 9090 1404 637
6927 1238 9208 3250 2815
2162 7543 3668 6518 7123 3730
10
1072500 60017744
17898144 32660265
1793155 8818274
408540 10499950
20716620 36871470
40085991 34545904
12787242 60017744
11895942 65588584
1147032 15027133
73804428 5090254

7 3 2
6679 8963 8831 37 7907 9157 6827
4457 743 1409
7949 6277
10
9410711 5906107
4857383 3858359
4962497 27976589
30427939 8844293
19690999 2807339
18232639 15082477
24629797 10682291
1854301 1049353
27491 35428693
27491 27976589

7 5 5
2267 4021 1373 5693 7583 719 7723
1783 6343 449 8609 3463
7823 1427 3691 3877 2753
10
1475857 23241437
13770109 1657259
7184911 28701383
69097 771671
25505203 3512527
10900853 17439523
3404767 49621289
19445287 32395751
322831 23700577
3467627 24591811

7 2 5
3266 5530 394 4857 1216 2225 5645
3509 7758
1615 2615 5817 232 1845
10
3331353 4441323
12374400 10258506
4266944 45128286
42901740 5667035
44631784 3262644
40977936 62710928
43793910 5667035
19808305 1799856
37680606 5667035
72377214 67181300

5 9 8
8951 181 1871 1931 31
6869 5081 3251 3947 179 5849 1999 5189 7213
7933 1283 3821 3739 9341 1171 359 6359
10
10866241 49544357
714407 37193791
34163551 63290681
160859 2564717
35329597 7638179
17893049 209609
23992141 12361127
32686987 32212991
61484419 229657
31749973 10300723

10 7 5
2079 4656 9515 4252 992 9938 3519 9625 5251 5050
925 1610 3521 9599 2553 7056 8271
2631 8139 477 9352 8895
10
54607896 61798646
16000180 89769848
858772 12593295
95891460 35141992
28910490 14796702
1597120 3945267
19956321 7528575
79608375 8227875
14971292 441225
29219328 19692666

4 8 7
2014 6675 4724 1518
6601 1465 5111 8834 8074 477 6536 633
7735 1977 9028 3016 4250 4820 1336
10
50891166 63397950
16261036 28054250
28229964 62070300
24144364 28054250
13410012 62452390
960678 2690250
10293554 6226250
29696544 55752900
36001827 13854308
6633900 9822744

10 10 10
1777 947 4999 6329 593 4969 109 5849 2437 4243
3863 6047 8377 1669 3217 2309 419 983 2417 7159
6691 2741 9319 2161 2441 7873 4451 8329 6841 6067
10
4915861 15579133
9315727 1919131
2651851 56351993
43805653 2078281
20962373 1841549
35787841 4375333
2290759 4074029
11542691 5223137
120859 77874931
15985273 25847333

3 2 3
3880 4385 6809
4366 8559
5747 138 5935
10
33208920 25091402
3216564 35492600
29728094 1181142
2950860 5936996
33208920 602508
19144910 49188573
5765998 8369520
16940080 50797665
19103850 45062780
25725886 17400200

5 3 6
9665 453 7733 8674 6693
895 8277 7849
8879 1786 3128 4322 6572 995
10
68082226 5881940
64006041 7809755
33634145 7421820
4449390 905690
45200028 26221824
7763230 7809755
62162928 10710104
3749481 7809755
35470728 39909051
75860585 2799560

9 8 6
2273 6373 9391 827 6719 9619 521 6229 5827
3767 5591 9649 383 8461 1933 1223 9601
7129 2087 3877 6581 9851 1877
10
5432257 24238553
2453047 29674831
439627 1577161
61187173 12047773
41392937 45220393
62803591 21762133
61493077 39858239
2779879 10494307
35631443 2730407
4408181 3628241

5 3 3
2925 6755 59 6503 6029
1213 5821 2963
9172 2601 9246
10
35094809 27395898
37557156 49768929
11447090 14056074
35094809 27395898
3548025 53820966
17026425 11125636
37055034 39215105
3228404 1620648
37853963 27395898
23592115 16284277

4 2 2
2946 5191 9897 8010
9893 2205
3956 3516
10
21822885 39136708
11446155 39136708
6645804 22312284
4162509 57543056
10391854 16261912
29144778 7752780
21822885 34783788
2795310 10427220
50453766 59361552
11446155 34783788

1 7 6
9356
9750 4761 9458 1174 6430 7497 9207
5589 4100 1635 1502 7136 1872
10
10983944 10513050
12656446 33878496
4794552 1000944
44543916 39975000
14141226 74357995
86140692 11260494
44543916 12036960
91221000 11260494
11244420 21158590
9876630 53051089

5 6 6
6958 9332 2211 6812 3006
959 9509 4310 1463 5994 8452
9594 6150 1651 5377 5524 3553
10
13652716 58480350
88737988 81088488
19463625 26603852
58335011 35992210
24100098 14864220
29988980 91229346
40831128 8081612
13652716 58480350
17194940 4300695
41665638 10972992

2 4 4
2531 2447
8297 5903 7019 9343
673 2621 1753 293
10
14940493 6287839
7792927 16838201
20999707 12304307
42484279 1758109
3731479 7440287
22862321 12304307
502273 6908123
46096913 75557147
17765089 10347959
23647133 2056567

10 10 7
709 7823 6977 1789 853 2003 7603 653 9677 9391
5179 6907 8429 4177 3089 8297 8117 6659 7151 7297
4513 293 4721 5011 5783 3463 9551
10
13054333 905077
9265231 29503039
4182643 24672337
461189 68355557
6582203 9583603
5882573 29950157
4531907 12452437
29142929 905077
3903439 5351161
64085687 2138021

8 5 6
2011 1619 5717 3797 941 6827 2927 2999
5953 2221 7187 9343 1063
7499 347 7691 4253 719 7001
10
15126317 1596899
2137693 9445913
6762967 7442063
21036349 25318109
17853047 3242021
9169057 3551857
11614907 19082837
14277709 64776431
40849507 21222067
5231621 19310887

2 5 2
5487 3577
1009 7792 3350 2201 4533
8780 8177
10
11982950 17997577
8124424 25009344
5536383 68413760
42754704 27392950
505098 20914800
5536383 27392950
12021828 2530528
5536383 63715184
29882565 39453245
4887679 15153894

8 5 9
2683 3889 1439 7823 2789 9629 9851 8317
1153 4423 5749 1567 6857
3181 9011 4903 2063 5801 9949 8243 3779 8123
10
6094063 3667693
11358203 12916781
11857943 47082193
56633399 56522251
63176219 11110511
16482001 60907621
19124173 57196801
3878443 2207941
67548307 2378639
9558911 65811553

10 10 4
9063 2538 3740 2522 4558 9342 3076 6180 2177 2902
6777 4424 721 5180 3383 3829 2566 1170 2850 9937
9654 2569 8015 3284
10
55980288 17726052
1045980 1139912
4455780 42709296
53175444 28224630
21687824 13693160
30660129 8426744
11228112 9836701
20846052 27513900
32012400 3842280
428545 10039860

8 4 8
1521 332 2658 7003 7482 8697 573 835
9777 7474 6366 1002
7659 8354 4479 1323 6697 4041 4699 5200
10
4555572 32089041
55365102 5210400
10119144 29329692
4837898 31309740
8714394 9888102
69945361 17118660
21357420 14996338
68468331 33476046
8163795 4049082
5602221 48757194

1 5 6
8681
6971 1879 3917 857 2729
8053 4969 6197 149 8101 4079
10
7439617 24273649
16311599 19463573
8749249 62388917
2382517 63764413
3237121 47761529
23690449 19463573
34003477 1038679
82754509 13972471
60515251 15977443
5507681 765671

1 2 3
5
4 6
3 5 7
2
1 1
5 2

9 9 5
6586 7095 505 1406 1137 6542 9763 736 9612
992 4531 8585 7259 6444 3104 6933 4665 9741
7441 6845 7112 9089 5562
10
46003504 13927694
6398314 4845532
13695846 34712265
23093345 82412616
6489664 63014037
6533312 45829728
42156648 22075648
28890336 46906641
1394752 32224472
22167728 10381041

10 3 10
3479 5190 3164 7361 7393 3241 8372 4694 3879 9681
1455 6435 2920
6410 8759 247 1361 7348 3868 7588 7868 2554 1530
10
3467240 58821083
43296818 62886848
54477300 32607802
5643945 16434990
14085855 47284380
33397650 359385
9238880 10691340
994338 17753988
4603620 21456160
56327103 14561850

2 2 3
7457 3331
3917 787
7681 7691 4789
10
13978141 8230927
2621497 30125647
13047527 3768943
962317 5902049
3803159 19529291
2621497 30086477
13047527 6052817
21530417 5574839
13047527 3768943
4432481 12579487

10 2 9
7950 9801 9112 882 5251 6012 945 7016 795 5551
9780 1216
3302 4864 3628 666 9420 8241 2688 1772 6477
10
1149120 6513480
9242100 10021056
26470800 6380580
14674180 6142920
1289860 5369202
8625960 7876032
9647440 34992945
11918016 92127600
8531456 80596980
7610504 16843974

8 8 2
9377 1039 9413 3037 8761 499 2647 2063
9323 5237 8167 6101 7703 9181 9767 947
5569 4457
10
27882697 4220779
85568687 41552611
292051 2369189
472553 43531519
6979873 6189457
57493091 52024901
3131147 35150527
72508339 54392423
81678803 23341309
20020459 41032231

5 7 4
9302 4756 4571 4782 3745
4872 9222 2564 5285 2938 4645 6721
878 9708 3440 1213
10
19792325 28522104
1536844 18092316
55677125 86512128
42153762 3563794
42865780 1537550
44099604 4078310
11002810 3110132
20084545 79763469
11925276 1539298
21232295 3563794

3 5 7
2500 8874 4440
596 2788 5317 1752 9414
2191 8405 7059 95 5993 5978 8830
10
16741230 14624148
4285402 6585930
4380000 505115
7983858 4662330
11923002 39035010
1432760 58542572
23535000 3838632
83539836 12367368
24740712 44689385
41798160 3571828

10 4 9
2503 3191 2551 743 8039 3181 2281 6521 3643 4007
3923 2069 5261 6659
6563 2713 6389 5179 3613 821 613 2879 1453
10
43423339 14173799
15425951 1333861
16667477 3220783
2914789 4081967
43366717 33051721
12479063 5956651
10856381 1068121
19165823 1698649
19569799 3831761
63675119 740543

5 4 1
2238 7515 3576 7966 5598
398 5625 6684 5323
9822
10
12597611 19861520
64825840 10148125
53244744 52282506
4091496 32524338
3170468 52282506
14958792 55248750
2990970 55248750
15626520 23475328
51903341 27964038
890724 55248750

8 8 8
4534 7928 8356 1636 2632 4668 1284 550
4378 8885 5377 5836 4491 2320 8541 3245
2208 814 2470 4350 5551 1362 2993 1148
10
4166580 21945950
21283211 8240100
35604648 5122560
18794720 21953877
1276000 7164960
48324353 7961380
8540840 2663360
25726360 3563692
32697918 22606461
18370360 64648146

6 7 6
9847 2044 1620 162 7816 7096
8759 4462 6015 9372 9324 2370 1973
1111 2742 4114 1835 5240 8774
10
18485816 12272235
19156368 31518600
14000408 24745710
43937314 20794380
66503712 12418800
31368960 1339042
2775132 77477345
23029560 20270250
58145040 51830592
319626 76851466

2 8 7
3301 761
9649 5477 997 7703 8389 9967 359 6793
6841 5087 9833 8863 5393 7457 6367
10
53713691 7765777
3842159 3967217
758717 57389149
31851349 75743599
5726993 24717353
3291097 2677063
541591 6851203
4167997 39185161
2947193 4087103
5169473 53855341

7 6 6
5881 1429 2237 4133 3877 2909 4637
5743 8971 2 61 2803 1361
7229 461 9859 4507 9697 2029
10
26630291 19718
661981 14113
12997511 55689871
11002 4049741
6900043 11414971
10867231 6134027
18812111 8505743
67306229 763109
10867231 6134027
33774583 88445089

4 3 7
967 6803 3457 61
4951 4283 6317
3449 5077 5113 3557 8893 2029 1123
10
9791291 38788153
33681653 21898979
4787617 38088719
45814793 25942571
29137249 7093991
3812009 25110257
24971693 138907
354899 18662737
302011 8690207
21837869 25136227

4 2 9
3204 7903 3062 6199
8648 512
2833 3277 4510 7229 7716 358 7803 4009 4231
10
78848 18456958
16304163 87355863
52154697 48063638
4046336 36589688
59347454 30799440
53608952 3995136
68345144 2309120
68345144 2052608
3780096 1750231
3173888 62516392

7 8 4
8445 7105 4150 8929 8121 5830 6562
8652 5316 4427 8711 1329 585 6718 5170
5413 5386 8451 6668
10
31453835 8861772
5289830 56501034
47466564 47152643
19218360 35509893
77253708 27845620
16172772 44406688
6817450 16493848
11866641 23843822
59985022 8861772
6206816 354240

3 9 5
2987 9547 618
2733 553 8189 7344 4773 4436 460 9539 8844
571 3139 7376 1273 3057
10
2741448 8578887
341754 32719936
13802698 13491225
37151460 2615067
78180383 3392960
26050681 1389717
2741448 5049924
13313846 28111440
42350492 1560543
20764508 4402480

4 3 10
4656 6027 9409 6125
1246 9274 8836
1115 5755 9844 5152 7506 5369 3603 8226 9492 5139
10
54120500 9352476
45414105 58834944
86891910 73105404
55894398 45523072
1610400 26217493
11723614 45408204
7612100 10044090
5157780 26213058
53254572 91293256
43179744 7170730

1 10 1
4956
7510 1371 1111 8453 5203 4657 3938 8545 1502 1057
5691
10
41893068 8547882
41893068 7802361
65929455 2330000
37201712 50188390
42349020 48106023
64934218 701853
5506116 48106023
69630464 17803624
5506116 26502987
49385748 6915642

5 6 3
3359 7182 6352 9408 4688
5918 6227 7757 94 8378 1460
4750 3848 8522
10
19878562 6935000
9558318 260942
28060506 5922224
53387820 19349280
14815572 56924790
19878562 6935000
53217056 28110500
2182050 17936144
6844480 801068
20916493 22772464

1 2 9
7501
1227 2173
1630 1954 9726 6672 784 9519 8507 3816 7607
10
9203727 3541990
11792820 10988742
9203727 18485711
16299673 11679813
8466057 2134900
16299673 4682232
16299673 8186544
638316 8156700
25660780 11808880
3512311 24472098

7 4 4
5990 3106 5883 7354 515 7454 1094
8529 4556 5694 8356
6391 3303 4419 9211
10
42443076 27599868
4303340 37689651
19444700 540540
38958600 28983800
8526816 3382320
3306470 13026451
37486255 27390640
27290440 28171287
33497802 78560619
25953736 52447434

7 4 9
1330 1947 5595 5860 5465 3873 2471
4342 6644 4730 3605
5971 3184 2300 7721 4390 2147 6537 4561 8104
10
41812041 10248600
10729082 27834205
1322390 15809685
42466094 54339922
16816566 36520330
4964260 22063792
5774860 10155310
25849450 28383654
10729082 15060320
48429204 10436144

4 8 8
5011 8161 7561 4519
2221 9133 1933 3217 1409 9199 7019 6691
8269 7823 659 7993 6197 7433 8563 1381
10
12794939 1447463
57282059 73000069
9525143 5876789
33038363 5039899
78959423 649447
53070659 27547171
14537623 9693239
4545679 5215949
18125581 78205879
8735227 16508693

10 8 4
1614 1406 5990 9040 9844 4062 5346 393 5892 639
287 8454 1579 9688 5827 7800 1627 546
8119 714 798 9516
10
31683600 13209613
16000272 73444623
27821514 10888264
31683600 1161678
19565994 3468629
112791 15025764
814800 5980530
1534302 6224400
4184180 11621445
4935840 15025764

8 9 5
877 2269 5003 1831 7603 3767 4373 271
7607 4729 5393 4409 8999 6091 1373 1597 9851
3607 8779 6793 6373 7057
10
28655569 69518507
9533233 3499471
18142357 37784077
63463109 4082833
43078423 5760379
26121569 18329221
2669621 48479411
2924107 42984187
5730463 82625891
8658799 53682599

6 9 1
9341 1169 222 7380 7792 2555
596 4102 1311 4416 2131 2007 7288 7533 198
7763
10
49497800 211118
94409232 2223676
231462 56576744
231462 4626748
35370272 72219876
11282880 4626748
34409472 56576744
66596510 33952680
18747387 58478679
67049712 20256976

10 10 10
4558 4949 6073 6966 5468 2878 470 914 631 3542
440 3391 2829 4116 2735 4246 3871 6214 2508 4944
9164 4303 1527 2082 7700 9394 8961 9831 3762 2925
10
1725785 3829716
1178760 26575626
2747829 39920149
64959300 2372220
15468972 9435096
6087552 6846716
9759298 36883476
25745376 53363520
32971026 32106132
9759298 38665704

2 3 5
6423 6496
1865 624 7261
301 9405 8430 1730 9313
10
11978895 68289705
1129100 58657408
19476107 51234042
6803622 21459460
4585458 10051503
11978895 12561530
11978895 12561530
4544864 42855340
4007952 2185561
11978895 5868720

8 6 9
563 8009 6113 4153 823 5209 1237 3919
6053 6217 4271 977 5437 2039
8287 4567 9949 647 2269 9769 6863 1949 1277
10
3500171 9690899
8467967 54092713
11053403 94770029
601453 31354859
1678097 2216813
59503771 9048463
1935863 54606031
21307603 13993657
1147957 9720173
5116523 48283663

8 10 9
4568 1829 2784 1069 9021 5794 9812 5800
9206 4198 1706 37 4057 1927 1449 397 208 331
7942 1242 9617 2723 9188 5741 7660 455 7462
10
35755984 3092376
14217588 32156680
47019454 15970656
1612221 7069285
17383467 15674728
8404200 212417
7678142 14760820
38782542 8850897
8339958 27239437
214600 37275716

4 8 7
996 7050 5278 8177
2782 5409 5340 8382 9547 6511 6615 7508
3268 3402 8835 3950 9324 8283 4522
10
28548702 25939368
38133450 21277948
6484956 17451120
78065819 18401418
5387364 79077801
14469210 3378500
21710828 49636254
1253028 12483321
35019871 50284260
34544860 10462642

10 7 10
799 5606 3609 7336 7445 6532 5476 5811 5883 5792
9493 6347 8985 4390 7178 2534 194
511 76 2548 4820 3369 9974 4856 5247 6205 3372
10
1141302 13295898
18589424 43307700
32426865 654168
517608 52162068
38999313 5851118
3493800 14821596
37339401 15723470
13876184 721468
22781892 4651188
3213483 5532200

9 3 7
4213 7113 1548 8030 4819 4024 3438 7651 95
2410 6186 1486
3623 2409 2588 5095 8089 823 3399
10
9697840 5050914
11877822 46538600
15122932 12644940
3730680 1222978
9697840 5091078
29957132 17166336
31462309 8634084
73628568 13703201
3730680 5050914
17142330 50038554

2 4 9
9559 7622
864 7633 7285 4110
2936 3008 796 9452 2065 5152 8120 4573 4352
10
883344 7745848
7068682 48192700
36864400 24690028
69637315 61979960
33254976 8136744
69637315 38847720
26167860 7817562
8258976 34905709
55526270 22960064
39287490 2598912

1 8 5
6091
1063 6871 2089 5641 9239 5881 503 5897
2003 7757 1747 41 9181
10
1514 15881771
6474733 3901771
41851261 241121
29521601 33084517
35821171 281711
17124343 5179189
3063773 53298347
62441077 44054513
34359331 10274107
6295819 25389613

2 7 9
352 9039
2890 3226 671 8530 1085 175 9262
9640 4050 448 5790 3835 6747 5180 9282 548
10
9807315 89285680
23428768 17328411
59654070 6184350
14047340 24494670
381920 708750
3260224 21765822
51584388 3987456
9135848 19467004
236192 1445248
3260224 594580

8 7 10
4013 4261 2699 2269 2659 7919 3803 2753
3527 7237 9041 7499 1867 461 3121
9209 8563 9241 7121 2357 2083 8461 7687 6269 9103
10
17015231 66645533
9297703 9054841
27930313 56678029
18368101 19153913
30093487 51534677
31953239 4400519
12511973 38137531
16561687 3691279
28518697 960263
739129 38861681

2 7 9
8809 5705
3031 4726 5764 9003 4149 8812 8338
5965 9130 6699 3390 2514 3852 6054 5315 8812
10
7489350 5680098
4712434 29012725
32883620 34679556
77624908 25118690
43748854 2758032
79307427 22051935
71564368 54806230
32883620 37880370
78489235 41071094
79307427 59031588

2 8 5
2117 8455
225 3364 2966 9891 9862 8299 9711 732
8664 903 9681 5999 6218
10
6664023 37633828
20558187 29145696
7121588 80342619
66040261 40856832
39517415 18681058
31204118 2242256
28442620 660996
17568983 61321916
6447947 29171772
28442620 8931573

3 3 3
5004 9933 3040
2158 4899 2561
3212 4118 8192
10
26873923 54767616
18840810 1005725
48661767 17678336
79513140 43360044
55148769 2586168
7785440 6931496
48661767 20979712
48661767 6931496
25257726 5873356
14892960 10546198

10 2 10
2712 3461 9586 735 4657 2833 1895 9581 3704 6112
6906 8669
541 5939 8500 7000 5311 602 7279 9869 7657 361
10
4197201 36499900
83101034 3736146
25579824 60683000
940842 7617372
3471432 2019850
2115251 40394970
52984928 50268774
5075910 51485191
10839828 34076387
83101034 48342000

1 10 9
7173
7768 5730 4332 7908 6129 4852 6032 3584 6056 5537
9682 8188 551 4845 5562 7946 7628 8384 9447
10
55719864 52308039
59186685 3673802
41101290 29225040
25708032 66300672
59382372 131976
43267536 57900663
1821780 11517576
25708032 2386932
10090724 28770909
1586424 1607229

5 8 6
4906 3572 8959 2865 9637
3992 3283 7677 1426 7780 5175 9004 4141
3654 7386 5035 4185 835 2760
10
35764328 11996082
14826375 28428120
64634010 45122760
5093672 7518340
39906817 2741305
16607744 68041278
35842075 19493568
9820419 1725430
38470904 7518340
20389040 58326436
