100

9 7 5
7700 1342 4847 1211 7782 8917 9143 1337 2061
1540 9244 6244 6524 3105 2884 4670
4351 445 1703 305 6125
10
2616579 56124360
44805668 9432500
28389015 685300
50234800 20319170
33524820 48422781
14080220 28385924
32126478 14512400
12868884 19018125
58154404 11132640
3249792 2307272

10 8 9
3724 6437 7799 9204 7957 5373 2991 3146 2836 2627
1115 5678 8357 5634 6152 1935 672 7330
9971 4279 7749 3667 6393 7704 5910 8842 1719
10
18400632 11435850
5787585 9858830
11483160 5054646
2046080 83701047
39336216 18955916
44829738 24296162
20787880 6589650
47979448 46860690
22105842 39169185
7379904 221892

10 10 2
179 1373 977 5471 5531 7669 6709 1427 5443 661
4993 3511 1427 857 6619 9829 9403 9623 6899 2053
7481 797
10
5694853 25689
1394179 6411217
13551667 26489803
9445313 73530749
6767473 15598927
13418081 5498503
4560239 3979421
51443813 7669531
3439141 28529903
2059333 14583169

2 5 8
5893 9839
862 3578 8994 4066 845
9791 466 2023 9734 2605 6457 6376 3474
10
4979585 8225518
21085154 2245510
25428252 8828544
13394352 20251165
29455866 24556419
38012688 15425103
4979585 7238294
53001642 2245510
8313955 39578444
4457145 1036081

10 3 6
6761 1531 2543 8521 7507 7591 2699 1861 9013 617
673 5281 5647
3331 2731 8941 9109 4649 2969
10
51321493 4593653
5997949 24166621
3258377 6017293
26911061 41627899
10509067 14422411
1354273 13079251
9827941 16765943
15742999 9589787
9827941 50489827
5052211 24551369

10 2 9
4679 3583 9587 9551 167 7057 6197 4703 9337 3659
2017 1447
509 8887 4861 1231 8609 6679 5051 4513 3373
10
19264367 1781257
5294573 10187867
19352141 545201
8967059 17925079
35298433 65858951
6770513 13471543
9485951 12859489
30912737 75314123
2552083 11662397
20599573 255707

8 2 8
3904 8040 3411 3216 8235 7232 9853 3637
7503 6931
8236 2490 7956 833 8656 1194 156 2859
10
68291143 59693868
29291712 59994736
22290096 59693868
27288411 19815729
46465328 3572840
127327 9041668
27288411 1081236
82864860 46462816
59470983 4165632
1141812 21927072

1 5 7
6577
9871 2753 8747 9277 5693
7873 5021 5279 8741 2377 7621 3931
10
22065341 34980859
18106481 20791619
1398851 15942517
96058577 4001981
14755973 32819447
64921567 70700017
57529019 81090257
18106481 28584553
64921567 20791619
28150193 331073

4 5 10
1468 4110 5422 8003
1079 9494 4880 2370 9229
5380 5748 5466 7774 824 1252 3970 7383 688 2428
10
75980482 13622760
1583972 19373600
73591566 52071041
52260076 13409874
3479160 3357440
5149164 66376980
20056800 68137707
20706498 6726438
3479160 2619812
1871484 6363546

3 2 2
8629 3011 3709
2699 3727
9473 4289
10
1878241 4716577
31022659 6795167
11221997 11576011
56381 30705127
26862139 22430741
13823443 11576011
51255167 14099419
8126689 15985103
13823443 11576011
23289671 15985103

4 10 2
8359 7992 6549 522
3132 8127 4636 9589 320 6525 2468 9558 9853 6081
1612 969
10
32385672 69217566
76635288 9547557
33352320 37453328
20511468 10518300
64950984 5892489
8839925 22926456
52147800 515840
1257825 2326457
80154451 5892489
40376875 34697250

4 10 9
7707 1135 9498 1558
9339 3937 302 2052 2091 2392 8605 20 3235 1384
9654 9261 712 8094 9144 8690 9352 5474 8383
10
25235049 19997280
88311168 94571904
13145232 87338328
2341506 16728810
81730290 11202096
88701822 13093808
19967748 21961203
16052864 644816
22700 75589866
22719216 173800

8 6 4
3831 3297 5854 9908 1102 4300 1520 9625
1916 6445 2873 2628 4353 3844
3858 5370 3681 4483
10
18441500 14149764
25294500 16793874
8790012 5174890
13228317 18365644
3166046 34609650
9796400 14149764
9553020 29313900
9472281 23375610
6629048 20831372
11470614 32750910

5 9 7
8578 5568 9732 7402 8981
4081 6485 9062 7524 5266 1003 2429 6335 9488
9061 9327 3912 4162 5875 4847 1214
10
2384019 16373646
36108480 37117056
8065824 64384848
77733836 20600592
5000 84577330
64540872 26366270
2819306 36381970
29321088 5892625
8106345 1378810
23639028 85970768

8 8 8
2626 9561 8113 2754 6819 2435 2883 5789
550 3183 3185 2966 3759 6146 2644 8246
6847 1586 6868 9117 9319 6063 4627 4890
10
45378330 23716260
9153165 24105348
3183950 38154242
42654982 1669920
6438140 40322940
20225154 76844474
32804450 32476640
66899798 14503740
22958460 46228910
7805901 196448

9 10 5
2383 991 7283 5101 7703 9323 2897 8237 5651
9283 4549 8849 3727 6199 5167 7901 3389 3331 6673
457 5981 541 109 5783
10
59418431 35148863
47750897 727357
8881441 52925869
28981217 1492741
21087167 2832943
56728883 2408753
22121389 26306867
451133 45694559
7704817 58872673
82499227 406243

9 10 5
755 8092 5475 603 4725 8771 8730 1741 3267
2346 9822 5061 1777 9482 722 910 5151 8949 3569
6962 3904 4407 4732 5634
10
687050 22700457
687050 16888508
52122048 16661180
4579050 5265988
12271944 17931116
1257002 8408764
1330620 68242626
20627090 35626657
15586067 19758144
42284025 3552640

1 2 3
5
4 6
3 5 7
2
1 1
5 2

6 7 10
4200 4964 7149 7444 2193 9933
1360 7325 6345 1333 1930 7078 4972
2932 1098 1866 2432 7077 5506 2465 2088 4074 2478
10
26649000 2839680
22631356 5634365
35544828 3285845
72759225 1493280
27716640 33559115
62158500 6139910
2923269 28835772
9922852 13248360
12021800 48027060
25781072 15490854

9 10 3
758 5282 5017 1501 9019 912 3002 6769 8771
4830 8843 4306 9023 3076 762 5038 30 7930 9914
3403 7764 4882
10
1478770 8376454
6839434 26985790
3818804 16436490
50020650 30313108
61847910 27033534
43561770 33737342
25275646 30705269
12926612 3720084
22538848 45440981
3089163 68459040

2 7 4
9871 683
5851 7411 1571 577 7351 1279 499
2837 3929 5519 401
10
394091 200099
4925629 512879
5695567 200099
5695567 40570169
57755221 8670349
40391179 47702143
57091 14276687
37137361 3061193
37479139 3942607
3098897 985561

5 10 7
7911 3464 8070 8172 3242
6225 847 5685 8956 7450 3908 7713 5909 3689 9459
1072 4313 9114 5499 4439 6730 9823
10
63030636 39767570
2934008 6094320
21563400 3954608
30666078 33070550
42627550 7338320
25005546 907984
3032835 658287
12932379 10958904
7948080 75018768
28747536 32855940

6 4 8
3571 2633 5659 2393 971 4357
9907 2161 89 1153
2437 8263 5023 9391 6521 8753 1741 2053
10
39615871 10759831
63173183 2773109
9415477 64603547
387773 3762301
86419 49762861
38810851 15400699
212977 10827823
11908151 43428263
61525769 12765353
2098331 7518713

6 5 3
3135 3238 3622 6590 5565 6687
6618 1660 276 9572 81
4701 6093 262
10
60861348 35460342
23970396 380781
827920 22757952
1845612 2507864
44254566 380781
54105025 1579300
450765 2507864
20747430 493533
9338960 1615608
16003608 28765440

6 6 5
2866 5058 4573 2550 8318 8302
6313 8318 6877 341 8182 2426
9073 8479 9667 9573 1536
10
52410526 3093893
20215788 10940656
7785192 11029232
42072444 61027771
64520924 19604431
52410526 74235286
20140652 79095394
14861496 35212272
19709482 57277849
29740824 25343950

4 4 5
5988 5715 9378 4055
7814 4327 1675 7177
5359 8244 7550 9129 8078
10
24728805 71334006
18389680 14889304
25910076 12646250
31685770 12646250
42975876 39501183
15350344 26922350
9572625 58995700
213195 12819870
49415296 41736499
19149984 11326271

3 6 3
1801 6397 797
547 991 3499 6101 5 1951
7283 2713 3469
10
9005 9492787
10987901 13565
3513751 16552013
30536413 11455291
862217 12275777
15920549 50252239
25698011 3758983
1554947 16552013
435959 25483217
6539009 20794117

5 6 2
7639 1811 5701 397 4603
2693 5153 3251 8329 6947 4007
8191 701
10
34719983 6754247
27809723 338783
12581017 1887793
28297117 39134261
2757959 3612253
23719259 4869847
47483629 3612253
5506639 195799
986681 23046649
47483629 3612253

4 10 10
7360 5306 8022 5358
4620 7541 4003 6611 1181 6922 7138 2003 9435 2372
9246 9071 9737 7313 823 4250 6928 7729 6754 4916
10
55528284 32007360
21239918 18169213
34003200 45801008
75687570 32049250
62860416 10677777
67171182 1999770
40333300 11444230
91062698 51885372
6266386 21931512
49712517 401646

6 3 6
179 6673 4289 9929 4793 9433
5861 919 2971
6221 4093 3083 1439 6203 2713
10
3941591 4275269
14240003 5717099
33870061 28121623
25137829 2833277
28091773 1322441
19843583 7533913
36701723 45541063
152351 33189011
3941591 36461281
48618151 7850441

6 6 7
6287 83 9803 8293 3329 2749
4019 7321 5693 5581 3847 6229
9677 1153 5231 6841 9587 9007 4813
10
5374049 80243
46283233 34649929
15650057 35235973
18692533 5176363
737161 32524397
319301 29780083
333577 4435591
8061853 59809543
17123521 38945813
15585023 7308661

9 10 7
3147 4542 9117 508 6307 6830 2128 5020 6208
3974 8299 6422 402 1562 8786 4347 3608 7413 7756
8183 188 2510 6639 7114 4134 3588
10
12506178 30924558
8203096 60228467
25432200 80465100
52341793 30645342
23353476 19230120
29630205 501760
52973480 1560212
59238938 2531328
3323936 26597844
51520192 30924558

6 2 7
4985 5901 5180 5034 3328 3235
7189 3980
4162 3277 8814 7461 6225 5086 406
10
23924992 13042460
47942792 20558655
16415078 20657720
19840300 44751525
27740260 16813592
33944694 8951610
35837165 13042460
37239020 24775500
7745976 10195458
37239020 20242280

4 4 2
6326 7347 2054 8745
5535 5137 6139 4414
9591 9934
10
4554954 85693680
7495677 51949338
37741539 58879149
11368890 58879149
6445200 3921617
32496662 53086185
10551398 54984690
37741539 54984690
83445565 3355677
46847499 21411054

10 6 5
8839 61 661 2381 2383 9539 7681 1871 3923 19
7127 3833 967 6143 8677 5471
9743 7681 7489 6163 6949
10
27959221 7427527
58598077 66648037
18373 59851249
33879887 9421481
22709033 6055157
333731 26635517
63316069 52086599
32548861 29022181
5320867 3090751
1176503 71197183

1 6 8
9729
871 7876 4775 8764 632 1264
6825 4762 7071 1479 718 7073 2830 4417
10
21133320 7981820
7753840 22144920
8473959 6292552
6048315 16885539
46455975 1869456
12297456 4313400
48886680 10598270
27366311 51018816
6148728 625378
46455975 5944575

1 3 1
8765
3913 9352 3817
1803
10
41989224 8724705
81970280 6882051
51340866 12583272
4350932 25820802
42055481 93848430
81970280 6882051
692323 1913880
34297445 16861656
81970280 7055139
33456005 16861656

3 3 5
5190 3651 6180
3942 9099 8360
9032 4414 6541 6 8721
10
24361560 79352379
24361560 59516559
33297264 23880400
37103352 5334056
43388400 34378182
10834560 54464046
33220449 17399988
26570570 24952855
20301840 1068066
43388400 79352379

1 6 3
6566
1439 5235 3904 1951 6942 2296
4180 8159 5305
10
18647284 57693834
12810266 31852736
15075536 10350055
45581172 7633895
11637015 74569350
34373010 29017560
38322216 2134926
32072000 26809952
18472223 11308572
34373010 7633895

4 10 5
6379 3877 5519 4091
6257 4723 4451 6959 9811 2633 347 1667 2617 5501
6947 7333 9677 8803 907
10
21327377 11580649
71314091 28328371
22504591 30921097
3098167 4241933
26555033 2226271
21632837 1553207
21327377 32810681
16693843 34633759
32174669 2309563
9200173 6311813

10 10 10
6340 4107 1785 9885 8490 4712 8368 3510 4381 9131
9682 7067 6926 9959 6258 5283 4460 5650 1508 7217
9543 1150 429 1474 4150 9361 8740 4196 8344 4600
10
16435890 61699688
13549536 15565565
84551910 64834286
47119240 35048388
5293080 2423850
24310260 45811400
68377032 8939656
26622800 50415669
8090298 6995640
55850250 93226199

1 10 2
6874
7750 6432 2011 9644 633 427 9265 7939 7407 1359
3649 1712
10
44213568 3442832
54572686 35190956
2935198 35190956
40083585 5584206
50915718 23470368
2699970 60026655
25728849 38613307
557667 27417243
4351242 16510528
72760248 37510050

7 9 3
6216 9590 4969 467 3674 3007 3037
2891 5210 4356 4458 7276 1027 5217 9154 6822
7699 9582 1643
10
15844029 34322142
56740008 67267620
9141902 20379472
45387038 6113343
20718414 11954468
1684017 7031340
3851946 22985991
87786860 7906873
25888490 56017924
87786860 27701562

1 8 1
4409
1367 4481 1409 1907 3259 647 5039 3617
1471
10
44194091 17179931
14368931 2805197
19756729 951737
4753297 41595439
43083289 17714603
2779471 15996787
8407963 5320607
19756729 2805197
19756729 2010857
3925049 1054687

10 2 5
1767 1387 6684 1296 462 1075 8725 1234 627 7975
1654 2624
1778 6328 3884 7460 3227
10
2143584 19575040
33775022 14077520
3400704 5337458
16049313 9548896
4363794 1250992
8971788 533104
17538816 5337458
3238016 6424136
2820800 5337458
10844820 2012520

5 5 3
5075 7798 3475 8283 1810
3548 6564 3423 3279 4272
7843 1762 1195
10
27667304 26846589
26462319 9891308
41949336 9262188
6421880 4090485
4835548 21854272
29388084 33505296
27159957 6251576
27667304 5777598
71273232 4535784
26916780 31767452

10 2 1
5301 2625 1788 5719 2575 6517 7205 9006 9586 2365
1878 605
2315
10
3459995 4347570
3942785 4347570
9643568 3531558
14220800 65475864
39328500 29711000
10740282 1400575
4929750 1400575
12238926 1400575
47380374 28270746
8000475 58198935

8 7 3
1224 3235 561 1321 5862 7892 1884 1362
1390 1386 8958 9079 841 5094 1840
1281 9602 839
10
12200796 13308372
53221098 1166210
50590065 28383619
1145442 4273866
6331320 61794369
5952400 1166210
15077535 18466917
11112696 48912588
30578544 19374540
31493196 80808948

8 6 9
7069 607 8291 5801 9421 7331 1223 431
5101 2111 8093 4967 7039 2531
5869 7607 7867 4799 7331 1753 1361 5791 8521
10
19825109 51797653
3488083 39075389
8944037 8713871
40833239 10130689
83811359 3680861
18820033 23940409
1161427 41362597
51602909 43465621
76244153 4436843
2581753 37783969

10 10 10
1709 3769 2557 7121 383 5623 983 9337 6949 8803
9403 8429 2659 1289 6793 5557 7019 9967 2683 6427
1303 8681 9749 8123 9431 5953 8969 1399 3671 5417
10
18644167 55792787
27138673 7596301
5564707 35318539
87739501 60613037
4544231 15971899
61788257 36588857
1267087 24937103
7886849 23591233
6713801 4500803
4949323 38630909

7 2 10
6697 3551 3816 3032 3774 3007 1901
8795 2323
568 5907 3072 3098 2285 6228 7810 5218 973 8855
10
6985261 68688950
33561720 7136256
22436328 28824558
58900115 12121414
26666440 14467644
8864568 68688950
6579350 32323912
35594286 55860
21824978 6950505
25432628 6319317

5 10 6
2834 866 7611 9136 4999
1382 7902 9715 9978 7426 9276 5081 2928 8298 8890
889 7073 1190 3233 7751 6808
10
23516532 31408595
25399919 29989308
8326883 46439869
43109759 32520488
22394268 3484320
70231700 2810458
428120 47584700
14637072 9408656
37122574 8636635
51024146 22500279

7 4 2
8263 1584 4364 9442 7873 3460 3488
1884 4755 1709 4665
9328 4387
10
35189880 29706409
15567492 20860185
37436115 17573952
16585440 20465355
44343990 31124285
20240440 692057
14654508 7941450
6571392 7497383
20358060 8265108
7520175 33538121

1 10 4
7237
7590 5290 8458 9555 4483 1633 9901 7066 6504 2693
6113 6936 4826 4406
10
11818021 40818308
38283730 28656624
14967041 27587773
71653537 49009776
41747850 77359875
47069448 68673336
46768260 68224794
46053392 34865310
61210546 45111744
47359989 52594568

5 5 7
6114 4418 9974 9947 6791
6038 6289 8075 3626 9290
2354 2445 4099 4957 2055 1532 1340
10
60059986 19743375
42708599 14213452
14893648 50359144
23504620 47903361
80540050 31174573
6725901 30897636
80540050 22714050
60609720 52210830
60223012 10820500
27330840 35354205

10 10 10
7977 5075 4422 9493 2016 9745 4851 6591 835 4395
48 6412 1730 4678 950 9095 4104 4113 1923 1733
8918 3245 5599 1286 5613 3650 5683 5935 2703 6598
10
8451585 26585074
8779750 10793799
9759225 2228638
52269916 384578
66748518 14894152
16451369 23403800
44147028 15182505
38575278 52987746
4233840 80247036
19908504 24410655

5 7 8
6028 1516 6600 2537 9407
6069 7974 6901 6585 6084 7032 2010
4847 7191 165 3713 2680 234 3355 1272
10
3387825 14639676
39694380 23592360
45546600 7463130
15435108 1865916
18908070 50567112
3674132 30454677
24050229 3857238
42493780 10176480
57232188 6743550
18814455 9079356

4 6 8
8268 2360 848 8697
1707 6445 5130 4986 1860 1809
2404 7490 6416 1767 3238 3175 5924 8776
10
8243568 10757675
76787536 3081420
12106800 12785430
12106800 5419725
1460889 3698469
14956812 8810262
1577280 38423700
1447536 11388315
36935598 20987804
4836693 75837038

5 10 2
8491 579 9637 1035 2940
5775 3601 5125 7344 8650 9831 4884 7657 9555 4560
9732 8949
10
19779259 1750694
5692149 77408850
9491544 29588286
8489250 16004100
7924995 92989260
70774128 87977619
57786591 5057316
1983445 5212086
22511580 32225349
2640240 32225349

8 3 7
5999 7759 9912 3443 5717 753 8368 3612
6104 5249 7334
3030 6122 2440 952 7678 9405 4800
10
31488751 17894960
5707764 242153
61370912 37368688
41462102 47992112
24170616 14685054
52028088 37368688
34487565 5881486
21016072 56310452
26803602 37734334
40726991 14893760

6 10 1
7385 7622 1687 2720 6953 7806
4662 690 5008 5886 3230 2138 8159 6122 4506 5172
9404
10
10327814 48637488
60254215 42374424
8079180 64691082
5386140 55351944
30088860 18290740
42566266 20105752
33276810 30374920
10734460 25455630
14322330 13754208
3166512 6062952

7 9 2
6917 6361 7187 11 4987 3271 2903
6269 7529 7681 8069 8191 1109 3691 6551 7867
6653 8191
10
39661673 365593
16530131 2412503
72061 24556223
27877163 2766607
88373321 35135917
46739093 19993159
57991903 7378177
90101 64438597
40240103 62915071
86537 62915071

10 9 4
6627 9630 574 3887 427 5083 6004 8880 6877 8149
7012 9342 4417 42 8019 2105 3688 1402 7279
2041 5705 7508 4579
10
48221524 70139736
8259700 41830052
288834 6419758
6416718 51049240
3385570 71794580
30053512 9015097
39661843 12006484
17153645 6419758
2590770 2192070
26519668 4296305

8 4 1
1716 1361 6177 1230 7787 1670 2778 146
6217 923 6289 1442
741
10
8480505 3214301
5701371 4660149
5701371 4660149
918194 1068522
37019970 65871586
25310025 71727180
1583868 1068522
858483 31162908
17270826 4660149
41914880 38420733

10 2 7
1505 9691 3340 4450 898 5110 2373 9886 5852 9
3757 6008
260 1706 9055 7798 9470 8702 7452
10
24269232 38705910
16718650 54402440
15557470 10497478
20835100 10407213
19198270 56895760
19198270 1562080
30700880 976820
4962870 39313624
11191565 128349
3373786 44771616

2 3 5
8548 5154
7932 7159 6440
8511 3098 2209 8217 1743
10
40881528 58825503
55049120 13825476
26253258 2322523
33191760 60930249
55049120 15814231
28655150 55128834
8260702 17508804
67802736 11224920
2269398 825860
19648995 12719580

8 8 4
7320 4333 5448 718 1482 7942 1103 5468
3737 769 3063 9320 7146 3155 4205 8267
8485 8317 5603 8381
10
4539366 77514440
30780600 40039038
1685712 16643544
27354840 4308707
15585576 33839520
46226734 39033582
74019440 68756639
45203956 31319797
3468861 17830064
28298970 13371375

9 5 2
6116 6539 426 9994 2457 5997 7466 8989 6179
3949 8368 1839 8061 2046
3342 2747
10
12025221 5620362
2421738 1942212
23534420 66502287
54718352 6145938
16811652 33951312
94258905 17137373
3542060 7079392
48341817 13197558
11247324 13197558
75219952 13197558

10 9 4
7930 363 4437 9965 9797 9632 1650 9493 8535 9798
9149 3732 6376 2978 6588 7488 8446 8463 9102
6819 7995 4565 7323
10
35631200 37973325
75228320 83400
72231705 54834624
87670464 13594570
15018300 62387031
760656 53254218
86405286 50976120
6072726 79336928
2869605 44125675
91169785 20306982

2 4 10
2943 5510
6248 2274 5612 4515
976 1216 5736 7128 2380 6781 22 1213 4116 2874
10
13287645 23098992
18387864 16209072
46211940 68027155
10827672 35968293
13082545 26114710
17333651 8890868
18387864 10745700
6692382 10745700
34426480 38054972
711107 26434512

9 8 7
5996 176 133 6868 4654 9819 990 9971 8762
3263 5358 6340 945 6869 734 3418 2358
8999 8588 5156 8280 7679 4849 9138
10
913577 8635410
53424618 3559166
5216250 58777944
2401688 14090850
24784760 14574983
5304420 28301040
97622 26246822
52584823 53403984
16194744 52495200
11526112 53921152

4 4 6
1586 379 2648 9875
7325 170 1262 6479
5908 743 6084 9366 7588 6129
10
2776175 937666
10275694 1041930
2455541 55582100
16212000 5320224
16689804 6397160
72334375 1004360
19396600 1041930
545566 6672240
13981860 39558978
4918225 30386460

10 4 3
6091 9551 9721 1871 7559 383 997 9901 9649 1823
9739 6607 3527 4651
2687 1433 3371
10
59320249 17753009
64766237 23814319
49942313 13955987
3143681 10967851
2552801 30556723
14349383 39412843
6429721 26168693
10722113 12166499
93971611 12497237
49942313 26168693

4 2 3
4321 3666 2151 5131
2133 2307
9403 9096 9234
10
9968547 19696122
5814648 15204816
4962357 19696122
25340832 6794828
16537092 12912598
39715893 44631366
4962357 19401768
9216693 21692721
11837217 20056599
34509108 65182454

6 5 4
5431 1051 3499 971 8443 6977
821 863 7873 2381 3457
7247 9127 1987 7919
10
7286309 71856871
3633307 17255107
11947223 66830977
3633307 4731047
7660283 10340633
3633307 18855139
907013 57055631
75532997 54027577
24271 52143283
21557881 28585933

6 8 4
7285 1082 4873 3142 2900 5444
3398 4922 4706 4790 1632 6400 4187 5628
2859 9134 5072 8536
10
361372 33521488
18498712 35740232
4530334 42014192
20403251 18297600
34283210 21236464
58237047 6772540
4994112 37303960
7952736 13454454
16678854 16323934
19817240 44064450

7 5 4
6701 8287 6007 9397 2281 9539 8647
1429 2677 9749 5701 181
8629 4111 3727 9241
10
22184299 21247627
34612891 6060611
29059243 21733753
12830431 82618103
655873 80865773
80789963 23099833
11630917 12447733
84299603 49193929
22237469 23436811
23148019 744091

4 3 10
3 1699 3617 4021
8087 1471 2099
7703 773 5471 5923 2857 709 491 2311 5209 8191
10
8450359 17736767
4413 62294161
24261 16168597
32517827 8712733
10687769 27815167
17448527 28517849
32517827 10933691
29250679 11331113
19368883 191293
7105433 12781099

2 10 1
7229 9059
353 3581 5689 9749 9433 9161 6529 2239 3727 6991
4523
10
66224869 31620293
16185731 29530667
50537939 16196863
41125781 44094727
54410903 4673423
36578923 20806889
68191157 41435203
47648441 7192747
2208733 54202081
3135263 34174627

6 6 5
7717 1223 4519 2389 9227 4327
8573 5737 761 3671 6037 6659
41 457 1319 853 1423
10
8770019 1003759
1747157 9402763
25925503 3917861
79103071 4893661
69467129 11897959
77322173 52759591
43439689 46252901
38741387 273019
6704981 817517
44272429 649133

10 2 10
1709 619 2861 1871 257 4583 6311 6563 8999 5843
509 8699
7333 5701 6863 9421 2663 4217 4373 5743 421 1559
10
80443697 19407347
16275829 793531
2974087 63789767
50828257 2225857
5253673 15611851
8714479 7946423
6404963 33705797
3403637 4472099
50828257 2146453
869881 23165437

2 3 1
9720 6152
6572 2804 124
8698
10
17250208 57163256
11211382 10950618
510264 18711426
21386274 15295800
17250208 57163256
40430944 24389192
25533200 28387800
7606454 9225975
40430944 24389192
17250208 57163256

7 3 8
181 3023 1039 3881 5077 167 3989
1301 9839 5827
7793 8803 607 7589 3677 7507 1523 3067
10
13532719 10315663
4764047 10806209
10222721 3990167
10222721 44221103
5049181 51295081
29583679 14984797
22847333 26260271
19247183 23258429
41340163 28406363
5189689 3536989

10 4 1
7132 8943 4492 2374 851 4853 5901 6378 3256 3166
9538 9569 4024 8028
9453
10
85575567 90162714
14914094 65630590
8703562 35883000
57255696 90455757
4634841 49130340
16529964 33719840
60833364 38038872
85298334 38038872
76790593 17506754
19058472 90455757

4 8 6
9854 1952 2378 7370
6284 1708 7858 7958 780 725 3716 8381
5198 3312 7146 3987 4008 1628
10
8984402 6986400
18592740 39427773
12266368 12205368
2890314 18217269
46167168 43924738
5748600 31494864
1415200 13644268
49654995 13670020
5748600 33591048
27386920 56867868

8 7 1
2358 9790 8459 5135 8247 226 5486 4609
1593 7295 1574 9796 2480 3305 5671
9523
10
6929160 34042575
8082490 15170139
355724 93287308
23098968 54004933
33485370 65665440
2530983 2165292
19014786 61374140
560480 93287308
7576250 20437560
360018 14989202

8 3 2
7331 1279 9473 7639 9319 5711 4441 3539
1667 5059 3037
271 3583
10
3884323 18126397
46101311 12850157
13487317 5972861
6470461 5972861
88848871 3579929
7587077 14162339
6470461 10881571
12220777 1370989
81650533 1433753
2938049 10389661

4 10 7
9337 9601 4007 9521
9127 9391 5743 9497 7717 1777 9221 4057 2267 1783
2969 593 3499 619 1013 1597 2011
10
9083869 1057319
71299219 803563
17118583 8158627
86898167 5631721
7144481 3405599
2298083 4275311
87628327 14725937
26800519 62821721
7830583 30411127
2066 2343427

1 3 5
67
3989 1091 1423
6131 3517 1987 8963 3797
10
19927463 39017239
39524839 3100457
73097 5403131
95341 6688921
73097 35753407
42272171 17428001
95341 3837047
73097 5004691
5823833 30905659
6699731 6250267

10 8 4
9373 2374 1859 6584 5026 451 499 9912 3321 8093
9638 2457 9225 6076 7569 6020 2708 9915
5766 8675 4702 5366
10
7003252 27804866
26841696 43642854
49173068 23491900
12535012 1046520
6712300 29657040
18868552 7168713
3776931 53191350
17203797 8804160
22880612 13184262
22880612 52223500

7 9 8
307 5939 607 5569 1163 9173 2897
6679 7949 4241 9521 8563 5309 9281 2521 8273
223 4583 4957 6551 563 6577 1907 4783
10
14768531 4535353
60415811 33132929
52385227 6367253
3731023 10400233
57638843 1475231
51685889 27782791
48699457 11553743
37195351 21022637
47687347 46005917
75888229 10124263

10 8 10
9549 3599 1069 9826 6035 2608 7645 1703 4601 2272
7467 3721 4220 1518 5162 8840 8267 2520
5720 3300 8629 4781 579 8976 8319 5134 1461 8751
10
12167760 30518180
4511180 12628242
63508100 48083794
19416220 22052520
40672840 3681720
38499111 29563682
45063345 13098822
1570160 12536688
3119144 28279680
6572160 74204592

2 10 1
3761 4967
157 1061 1277 9049 2377 6961 541 8831 317 3929
7321
10
4802797 1149397
16718957 4803289
18558073 170657
4802797 66247729
590477 9348917
19515343 66247729
5269987 9348917
5611733 13389023
6676363 2184493
73868849 598441

2 10 5
5771 3498
2642 5421 4425 4321 7505 1070 9940 5718 1789 2344
8284 3833 3585 4511 9253
10
43311355 19492031
25536675 21689032
32998578 15863625
20001564 20778693
2935950 1372180
4906477 39198075
3742860 10126786
38325168 18320112
5992893 3280602
817790 19925496

3 6 3
1767 4204 9703
3669 9665 3644 4298 3696 1854
9821 5463 6503
10
14748108 19089490
35357732 12056562
48739782 41545746
4627288 11612672
41703494 23696932
1499400 699000
6438948 20043747
35862288 36033249
6530832 62851495
28436002 33882992

3 6 4
4050 2768 5448
256 121 9112 8175 284 3536
4492 6649 5002 7930
10
58788818 74260302
1547232 1149952
17494818 9543042
4508604 53889022
22628400 40931104
334928 1149952
33108750 45578224
9787648 1888316
53023050 441156
54808374 9486103

2 4 7
2204 3652
5488 2145 4817 6961
3795 646 465 6182 4798 125 9799
10
17591684 68210839
17994240 9749696
29249528 14707440
7833540 26331424
12095552 997425
4784250 19503946
39560922 30891214
10616668 997425
11630952 66262504
12095552 26416995

5 7 3
9697 2267 9811 4987 9293
6379 1297 277 8629 8941 3413 7283
7451 2777 2137
10
6268697 28955939
12577009 54265633
20269247 9663947
12724867 19106917
78610799 7759727
67051549 9100957
80189297 47529929
6212729 622361
2574161 9477901
1465657 27668633

5 3 9
4951 8369 2089 2957 8923
3271 1381 4547
4793 6679 9323 6491 7649 5479 2753 8447 2179
10
6837331 27630137
2884909 21793771
12322663 29514577
70511921 264883
61695181 21649259
26140619 19661413
13789099 2534869
40572881 3009199
38053843 15677903
240439 17733461

1 9 10
9142
5209 9609 6478 2689 2696 8408 4070 4911 2064
7141 4059 6345 8818 7453 5529 8440 567 6705 5882
10
24582838 28886502
15943416 22512402
59221876 34128072
61881802 8931100
47620678 30333710
24582838 48280534
37116765 21991732
16162092 10389148
87845478 19933749
242295 24445253
