10
4 4
0101
0010
0100
1111
7
Q
M 0 2 1
Q
M 2 2 0
Q
M 2 1 0
Q
36 15
101011011111101
001100011010111
010101011000101
010110010000001
001010010011111
011010110111001
000010101001110
101001111011111
100000000001111
000010100111001
001100010011010
011000000011000
011010011000111
111010100110100
000111000001000
010000000100101
001001001111010
100110011110000
111100111000010
111110010110001
110111111011001
110111111001001
101111100010010
110011011010100
101101011100111
111110111101100
011010110111010
101001101101111
001010110110110
111100010110100
111011101000001
101011001100010
111010011110001
101110001001001
000110010010101
000001110000001
9
Q
Q
M 30 9 1
Q
Q
M 13 10 0
M 4 7 0
Q
Q
63 54
001110100100111010101110000000011111000111100111110000
010101001101100001110010011000100000001000000111111001
001111110010011001010100111000001101100100110011000101
111111010110100011000100110101011010010010011100010101
001110010011111001111001110011010100011001011100111000
001101110111000011011010010011001010111011001110010000
000010010000100111010101011111011010110001011111110011
100100110001101100110111000110111100100011101110100101
011110011011111111010000101000010110001001100110100011
111010011111101110011011101111100100000110111100011100
011001111011011111010101110101011011001011101101000111
010111000010011000001111001101000010000101011010111011
010010000110111010001001111000110010000110000101000000
100101100011110110010011111110001110111001011010000111
101101011000000000010111100111110001010011001111010011
010110010100110110101110100110100011101100011110100100
110010110101000110000101000001111010000100100100001000
001111011110001000111110001010001011000000111100100110
100101110100010110010000001101101100001000010101011110
101000000111100110000011100010111000101000001001011001
110100111000001101110110001100011000100100011111110001
101100011000000010010111111001000110000000111011011011
001100100000111100010011001100111110111010011110000011
010011010001100010001011001111110110001110111011101101
000011101001010010011011101100110010101110100000011011
010011010010011010100000110111001101110110110111010100
000010000001101011000110010110111001010110101001111011
001010010111000101000101001001111101000000111100110001
011000100111000001100101100101010010111001011000111010
101100011101001011011001101100101100110101110011011001
110101000000000001010000110110111111101101010000100010
110001001101111011010101100101011001000010110110000111
111010000110011011111011100110010110100100001000011001
001010101111110011100110111100100110101100100111101000
010011011111110010101000101100001101111000010001100101
000001011001011011101000101000111110101110110000110011
010111010110010001001110100000100000100000010011001001
000101111000011000101111101101111010110011011101010010
100111111011110110001010010101110010001011111011000011
111111101011000001001110101010000011110100101110011110
011100000011011111010011011010100010101010101001010010
001101001101101101100110110011010011101110100111011111
001000010111010010001110000001000111010010000101010100
011001011101111010100111100101011100011010011111011111
111010010100010000101001001101110111011010100011111000
101001010111110111111011100110011100000101011001010010
111011010010000100100011101001110011111001110101010101
100110000010000010001100000011011111110001110001011000
010101011000000111111111101001111101111100011001011111
111100110001001000100111011011111111101011111100000010
011110110011010011111110110110001101011010000111011001
000000100100100110001010001000111001100011110010000011
011100000011001111001011111010100101010111000111101110
010010111010010010011001100111001101001000100010010110
110111110111001110011110100100000011011100101011110110
001100100110101001011100100101010001110000011000001100
011100011110110010101110111100000010000000101101110111
011000011101010001011010010000011000000000100100100000
011100000110001001110011111010010000101100010001001001
010000111110000001010101101100000111010010111110000110
101110001101010111110100101010111101110000111000001010
110110111100010001100111101111111001100111011100010110
011000000010101000000010000100001111000000000111000000
4
M 8 35 1
M 53 7 0
M 28 9 0
M 48 7 0
58 75
010010001100010111100110010100100011010001001100101001010010111010000011010
010101000011011110100001110000011100111010000000111111001010101000100000110
011101001011011011100110110001111000111100100111010100001000000011111001110
000000011100011100011000101111000100110011010001000001101011000011101110100
010001110100110100010011101100001110100101001000001010110000111110101010100
110111101000111001001101101001001000001111011111010011110111100000101111000
011001101001010011010111100000000001011000111000010010101010100111100010110
100000101000000010100011000110100010001010110000101110110010011111000111011
110001110000111010000110011001011010011010101001011110110100100010111101011
101100000110011000110111000010011110000100100011101100111011000000110001100
111101011111111001110101000101100111100000011100101011001101111101110100010
101001101111100010010101000011010011110101110101101000001111000100011000011
011010011000010101000011000010100101011100010001011011010000100101101101111
000101111101001100000010110111110111111011000101011011110011111111111001010
010110100101100101101001011111110000111100100101110000000001100010100111110
010000011100100101110100001110100001111101001100001100010110011100001110111
110001110000101111101111111001001101001000000000110110101100110001010001011
101101000000011110001100011110001010000010100111110111100111000100111000100
110110110010100110101111011110000000001111010001000111001110111000011011100
111010110010110010110010100110111100110001101110100010110101001111011110101
000101011010010011010000011100101100100101111000111001011010100100001100111
000100111100110110011100110110101000110010010010111100110011110110110100001
010100101100101101001101000010000111011111010011000110011101011010101100111
001001001111100000010011001101100100111010011110000001010011000001111001010
110010001011010101110111000001101100011001011100101100111001011111001010101
110011001101001001001010110111111000101111101010001000100001111001010011010
001110001111110100110100100101010001011111100101111000101100101110100101100
100010101000101000000101101111011110110111011001100001101101100110010110000
011001100000110011111111001011100001000111100010001000111101101010001001000
010101001100101111101000010110000010101100101000000001010011100010111111000
111011100000111111011010011000101011010100010111010101111010001010000100000
010010001100110101110001000000110001010001010111011110110111000001010101111
001010111101011100011001101011100101101101111110101100000010110101101100001
000011010010101111011110101010000110011101001001011011111011110011001010101
100101010100111101110111100001000011011111111100111001100010001010010100101
000110101100111010111011010111101011011101101111000110000100010100001001000
101100101010110110111010111101000111110100001111010111111110110110110001001
001001001000010000110001110111001010001111111010010001110010100110111100001
000100110111100000111011010000011111110000110111010000001010001011100001101
000010001100011001000001110101011110000101100110101011001000001101110011010
010101011010000011010001001010010111111101100011000101010001111010010101100
111101000110101110100001100101011110110011111011101110101001101101110010001
110111111010010001011011101100100000001111001011101111000001010111110110011
001000001000110100100110110000110101011010110000101101101100001100011011111
010101000000101100101010000000000101110110111110010100011101100001111011010
000011110101110111001101100011110000001001011001111111000110110010001011001
100111001000110110010100000000001100111000110101101001111111101110100110000
000101011000000101111010010100000100011000110111110110000100101011001010001
100100100000001111001010010000001110110001010010001010000111010011111010000
010111010111100110110011111100011100011100100010100101011011011110111010011
110000010001100110110100111001000101110011110010111110011000100010111010010
101101110011010110010110010100101110001101101110100111001110010000110101001
001010110101001110111110001010111101101010101010100001110101101110100010010
001010101101010001010011111000011001100100100011111100101000111000000010101
010101000110001101110100011101110101111001110111011101111110101100100001001
010000110110110101000100001011101000100000110111100100010001010011100011101
100100001100101111000111001101010110000011111010101111001101110010100000010
100000110111110110010000110000111000100001010111001010100011101110111110000
1
Q
65 9
011011011
110111100
101111110
001111101
100100000
110110111
111001101
101000111
111001101
011110101
111110110
010110100
001000100
001101100
010100011
010100000
100001110
010110011
111100110
011011100
111001101
000011100
100010001
001001000
100111111
100011000
100101111
100101000
110101100
111101100
010001000
110000000
011101000
000100011
100001010
100010101
111111011
111111100
111010110
111110010
010010101
100001001
111110110
001110111
010010001
001001101
001000000
000000010
100111100
110110100
010001000
010011110
101100110
111111011
100000111
011100100
000010011
100101110
100111000
111011100
110010101
100101111
101000000
011011010
101010110
2
M 11 7 1
M 1 1 0
100 100
1100011101111001011111000001100100000011000011111110000111101101010110011000011011000101111111110000
0101010101101101101010100101111010010111101110101110011011011010100101001010110100000111111001111011
0001111000111001111110001001001101011001101001001001110010000011001010101010001000011001110000000110
0111000110100100010101001010001110101110110011100000010011100010011101011001100110110100110100011011
0000001110101001111001010100011000101000101000101110000101001110110101010011010000111000111111110010
0101110001011101111110101100011011001110001010100100101010010011011110000001100111101101111010011110
1000111100000000110100011110011001001110101010111110100110101110100110011100010000000110111101000010
1000101000011100101001010001101101000000110010101011001111010010001011001110001111111101110010100011
0101111100100100110111011110011100010011110000100011100100100100001110010001111101101010111111000010
1001101000010110011000110111111100111000101001111010111001101111010101000000010101001001100000000100
0010111010100001011000101111100000101111110110100111110011011110111101100100000110111101110111011011
1100010101101001000100101110110101111111111101000101001101001000010101011011010111010000010001000101
0110100000110010101010001100010101000011110000100100100101111011010100000100100010011101111000000100
0110001011010110100001100111110110100010101100011101111011101000000100010110010010110010111000101000
0011000100000011011010110101011100011010110000101110000101001110001011111001000000001001010110100110
1011111000000001101101100101100110011000101010001101101010110010001001100100101111011011111000000010
0101011001111001101100101010010111100101000111010001010000010111001111001101110011001000111110100101
0110111111000110000110010010101111111110101011011111000100111111010010110110000101001100000110100000
0111011110001010011000010011000000011011000001111001001111110001010000001000011100100000111000100010
1100011101101010001001101110000101010001110100110001101111000000010110110101001111010010100100010001
1110011000010011101010001011101100100110010101010000010100101011110110010110100001101001001001001100
1101100001011000010110101011111110100101111001001001100111000011010101100101010000111000101011000101
0101000001001001100100111011111001110011100100111001011110011101100000101001001000011111010010110001
1011001001010110100000000001001100101100010100101110000111111011001111001010110010100010111100001001
0101000101001100000100101111101010111011110110011110110111101011101010100100011101001100011100110111
0001110010010000101001010010000111111110100101000111000100011000010011010111110101101110000101011110
1001010100110000011101110111100011100001101001011011101000101001100010001110100100100001010000011001
1001011010101100110110111011101101011000101011100111011101111000110000100010001101100100000101001000
1001100110111100011010100110010101110010110001110100111011011011001011001100011111111110010000001011
1001000101001011110010011100100111100110111101100101011000101011111100000000111010011000000000111111
0000010111101001010111000101101111101110111110100100100111100101000011011001000110111011001010000010
0100011011110110001011110001110011000110110011010000001001001101001100000001011111100011001011101101
0001101100101111010110010101101001010101010100111101001001100111111011001110111110011000001000000010
0001110100101010100110011100101100001000100110101000110111101000100111110000100011111000101110111001
0001011000000000011110111000110011001010101001000101101010111101000000000100111111101110100100110001
0001010110101111110010000001001110100101000100011111110001011001000100101101011000010011000001011011
1001001101110101000110110010010010001110111110001110010010110101000000011000111000010100101110100011
0110001100011010101101101110000101110110010011100000001000010101000000110001010001110111000011100011
0110110011100111000101101100010110010111010101010101110101011110101111111010000001110111011110010010
0100100100110000100001010111001110110011000011110100110010110000110000101001011011111011010101010111
0110000001101001001110000100101001001110100011001011000000000000101000111000111111100011011101010101
0010011011001011111110110110100011101110011100111110100000101101101111001101101011110011011111111101
0111101011001000000000111000110010001010010000001111110111011101001000011011100100110000010101110011
1001100111000000011010011111101110001101111111001010000100111100111101101101111111111011011000111011
0010010000101101001101011101010100000001100110101011001011011111010101000110011101111011001100110001
0111000010001010110101110101001101001111001001011110111000111101100110000001001010000100000101101101
0101010111100111110000110000000011110001100101101100100010000110010001110110111110101000011110011000
0010001110111100001100111111111010011110111101100111011001100101111111000101101010001011100010110111
1101101111011000010000001000001000001101010011110110101011100100011010111001110000111000011110010011
0111101110111110011011010000100111110110000101001011011001000010000111100100110100100101001101011001
0101010011011010111011000000110011011110010101110110001010011101100000111101101010001001010010111001
1010011110010100011110110110110101011011110011000010011111101000011110011111001100011000100100110101
0111110100110000011011101101001101011111010101010010011011100101011101111011000100010110111001110110
0110010011011011011111001000100000100110001000110111110001100000101011001100010111101010100011101001
0110101000001101011010001011101101001010010011000000010000011011100101111101011100110000011111110000
1111110110100100100001000010100111011101100000101010100010100000010101000010101111010111111001001001
1000101111001011011100000111111100001010001110111110001110110101010110000000001001111001100011010110
1010101111010011100111000001000010110110000011100001000011100010011101101111110100001111010110110110
0010101001000110010101100000111001000110110010101000010101000101101100000100100111011011010110110010
1000100101111110010010011101010010010111111100000000101101111011001001100000101011010001101101000011
1000101110000100111111101010001010101000111011011011001010101111100011101010001010101111001001110001
1000111101100100000000111010100100010011111000110000001010101101011101001010010110000110101000011001
1101111000001100110000010100110111010011010001111000010111000000011101110011111111011010111000011101
1011011000110010011011001111100000001000000100011101111001101110100111000000001100011011111101100001
0001101001011001000000010101001011111001000010000101011111010101111101011010101010010111101101101010
0000111110011111011010100000101111011111010110100001100011010001111100011000000111010111001000001000
1110101010100000010100010100001011010011010110000111101011100000011011100010100000000100100100011011
0101000011111100100010001111011110111001111111110001100100111010110111011010111011011000110100001101
0001100010100010100001111101100111101010110010010111111011110010011101011001011110100010010101000101
1001111000101110111011010001010001001101000010011000110000010100001001010110100000111101001001000111
1100111010100000000001001010100110100110100001010000000010111100001010110111001100111001110111111101
1100110010010000111110011011110110011101100101101110101100000110001110110000101010110111001111000001
0110110011110101011101101111010110011001011001011100101100000110010000010000001001001100011110100000
1101110010101010010000000000010100100110000111011100000101010011110011000101111011101010100011111111
1010110111011111010000010011010000110111110110100100100110111000010011011101010010011111011110001011
0010000001010110101111100011001110001101111110101001001000010010100010000101000100111010000000000011
1101101011000110011000110011101101100001000100110100101001001100110101111001011110100111010010110011
0101111011101110011111111101101010110101000000101001010100100100100001100010101101111000000111010110
0010100000011000010111111111010111000111100111001110010011100000001001110010110100011001001101110111
1101001000100101010111101110111011111101010111000000010100010000100100110000011100011110100001101100
0011000110100110110111000110101100111010011110000001100001100000100100100111000000001110000011011101
0110011101010010010101011010001000000000000110101011001111110010001000110100001100101010000100001010
0111100101111000111010010001000110111010010111010001001010001100110000101100110100111101100110010101
0100111011000010001001100001000011111000101010001010001111011101011001000100110010101010001010001111
0001000101001000101101100110100010011110100101000000101001001010110111000111101101000000111100000001
0000101101111001010001100111010011100111101011000101100001111001001001000111110011000010000011000001
1110100100100010001000111100111111101010011110111110100100110111010010101001100110011001100101111111
1100000001000011101110100110111110110111111101100100000100110111001100101010011100111000100101100001
1101101111110100110100100101001000010010110000110111001100101111111001100111001101100100101010010000
0001000100100010000101000111101000110011110110010111101001101111010000001001101101110110011100011100
1101001110110110011111101111101111110010110111001000101101101011000110000000010000110111001001100000
1100111001110010010101001000100100101010100111101110101101000110011000101100111111110011001000110011
1100011011111101010000111000100111000001010101101011110001101100001110111010001111100011111011100011
0110100010111100001011011010010100000100100100101111100000011110111011100000101101011101111110000110
1011000011110010000100111010111111011001001101000100100101000100100110010011110011110101111000111111
1100000001110010000010100001111110000011001100110011000110100100011000010100100001110011110001000011
0010111110001000011011011000000011110110011000010011001010011011000100010110001001010000100111110011
0110101110000101100110111110111001110010101011011010100100111100110100100011101010100000001001110110
0010011110111100001110110110101111111010110110111100010101001001011111010000100101000011101100100000
1010001011110101000100101111000010111010011111010110011111101001011000111101001101001000001001010001
10
Q
Q
Q
M 44 7 1
M 30 20 0
Q
Q
Q
M 19 67 0
M 23 83 1
97 22
0100100001111011101001
0010100111101100110001
1001010110011110111011
1001000010111010010010
1101001011001110110100
0000111111001101101001
1011101010101110010101
0000101001111101101001
0001010000111000110011
1111110011011100010010
1001111011001000011111
1010100100011111000100
1101101010010001011111
0011001101110000100101
1111010011001101110101
1100110111011101111001
0101111111010111001111
0110101011111111000101
1111000001010000101001
1101010000010001110011
0110111011000111101001
0010000001000001010100
0100000101010011101111
1100011000011110010010
1101010110011011110011
0000001111110010001000
1100001111110000010111
1110000011000011111101
0110100110110101011111
0011100000001000010001
0110100100110000111110
0111001101110000111110
0011110000111101101101
1110101001101110100100
1001110010000000100110
0100111001100110011110
0001111000110100110100
1010011110000001000001
1111100001101101110001
1001110001101000110000
1001010101011001011010
1110110100011101101000
1110010100000101111001
0111000001110101001000
0101111110100111000011
1000100010110010011001
0101001110000011000001
1000101011010010011110
0000101001011011110101
0000101100001010000110
1011000111101100010101
1001000001000001100100
1101111010001110001000
1101111011001100010010
0111110011001011100110
1010000011100101001000
0000111100110001011000
1010100001100110010011
0011101110100011011111
0001010011101011000110
0101111110010011101110
1010110101100100000001
1101001111001000000111
0011001010000111110010
1011110001110100001011
1011100101010011111011
0111000101011011000101
1110101100100100100001
1110001100100110100101
1111011111101010110111
1101100000011111110100
1111101101101110001100
1000101001010001001111
1101110000010010101010
1101011011110011010101
0111010100111111100010
0001000100100101011011
0010000111010000011110
0000000011110100110110
0010110101001000100000
0111011001000000000000
1111000110000101011100
1110111000110010101010
0000000100010010001001
1101011000101001100101
0001110111111011011010
0001111010011011001111
0001001010000010110100
0101000111110100011100
1111111001001001001100
1111000110100001001010
1000101011110011111111
0010100011101111011100
0000010010001111101111
0110010111000001011111
1110111110111010110101
0001000000101101100101
3
M 10 7 1
M 85 16 1
M 61 13 0
74 19
0001111011110010110
0011001001000110110
1011111111000000010
1001101011011000000
0001111000011111000
1110111011000111111
1010111110110111100
1000111000000001001
1101111110101010100
1110101011110110111
0100100100100110101
0111101100100110111
0011101111111111000
0100011100100001110
0010011010001111010
0010000110001101001
0011010101110110001
1010110000111100011
0011010001010111100
1100100100101110010
0111101100000011101
1100000010111111100
1111000010111000101
1011011000100000100
0011010010101001000
0010111110001101110
0100000111000010000
0101000000001011100
1001110010101011110
1000101100000011000
0010011000001110001
0000101100111011101
0110100001011010000
0101100000100011001
0111000011101001010
0100010111010001111
1011110000011000100
1000100001101000011
1001110001110111101
1111010101010100100
0100011001101101001
0011000111110000110
0000110101100001111
0010001011010101010
0000101011010010100
0101110101100011010
1100101110100110101
0110001110000010001
1100011011110000000
0001110110110100010
1110101111010110010
1101111100111110001
0111001001000010111
1001101100101101010
0101010010000010010
1011100101110100110
0000111111011101010
0001101110011100011
0101101100011011100
1111111010101100000
1101001011000110110
1001111000011001101
1001011100000111111
1010110100001101001
1100101101100111110
1001001111011110100
1110011011110000111
1011011011110010011
1000101011110000101
1000011100111100010
0110001111010001111
1101100110111010100
1011101001000111010
0000011001110000011
5
Q
M 30 0 1
Q
M 5 9 0
Q
45 10
1001110010
1001011000
1001110011
0010000111
0000110101
1110011111
1000111110
1011111101
1011100100
1110000000
1001000001
1101010100
0101110010
0111101000
1010001001
1010011110
0011100011
0110101000
0010000111
1001000001
1101101110
0010010100
0001111110
1101101101
0010101010
1100011011
1011001001
0101110101
1101101000
0010110101
1001001110
0111111000
0111101000
0100111111
1001100010
1100111101
1010100111
0111001000
1100000010
0111011001
1101010010
1101011001
1010110111
1100111001
1101000110
10
Q
M 43 4 0
M 21 5 0
M 11 7 0
M 1 0 0
M 28 5 1
M 15 0 0
M 9 0 0
M 42 7 0
Q
99 13
1110000010011
0110001011011
0111001110001
1011001010010
1101010011110
0111111100001
1001100111101
0111001010111
0000101110000
1110100101100
0110100010000
0110110000111
0000100101000
1010010100111
1001100111101
1010111001011
0000100000101
1001010111101
0000000110010
1000111011111
1100110110000
0110010010001
1011111000100
1110111101100
0111010011100
0110010000010
0111100001001
0010111111110
1001011001111
0001000010000
1001110111110
0011001100010
1000001000000
0000001010010
1100000111000
0111001110000
0111010110110
1001111010000
1100110111010
1000011110010
1010110000111
0000100101110
0010110100000
1001110010000
0010100010001
1000101000101
1010101010101
0000011011110
1001100110000
1100100111111
0110100010100
0001101100010
0010010010110
0101011001101
0101110111111
1110100110011
1000011101011
1101100001101
0110111000111
0100101000001
0001111101111
0110101111001
1111100100101
1011011101001
1001111110001
1000001001101
0011001001001
0111000000101
0111111010101
0001111100110
0010100010010
0001011001010
1101011000111
1101000100000
1001101110111
1001000011000
0111111001100
1001111010011
0111001001110
0010011001001
1000111101100
0111101111000
1111110010111
1111010000111
0101111010010
0100110110111
0011100000001
1001111011001
1111100100110
0010011100001
0011111100010
0001100010001
1101111010000
1100011000011
0101110010010
0101101011101
0101111100111
0101011101010
0111001110100
6
Q
Q
M 14 0 0
M 44 3 1
Q
Q
