50
10
14 172
17 210
21 265
65 795
73 888
76 933
82 1004
92 1119
92 1122
100 1214
10
2 38
4 67
41 588
42 595
43 614
49 694
64 908
75 1062
83 1173
100 1406
10
1 10
12 66
19 99
27 144
31 163
46 242
46 243
87 456
88 459
100 521
10
11 131
13 157
17 212
57 676
65 776
70 828
76 906
77 913
88 1049
96 1141
10
0 4
7 33
25 115
29 132
34 154
67 301
82 366
91 405
97 435
100 444
10
1 7
6 42
12 77
28 180
51 320
62 389
73 458
83 524
88 555
100 624
10
0 0
14 11
18 14
26 20
38 29
53 41
75 57
82 63
85 65
100 76
10
16 89
17 92
21 112
24 128
53 282
59 313
78 414
79 421
84 445
100 529
10
3 3
13 12
14 13
27 25
52 48
56 52
56 52
93 86
94 87
100 92
10
11 108
28 272
32 311
33 316
56 533
65 616
67 640
73 691
86 818
87 825
10
2 20
5 50
5 51
14 127
15 138
17 155
51 464
52 470
96 875
100 903
10
7 29
12 48
16 61
24 92
30 112
62 232
64 242
83 313
86 324
100 373
10
19 105
31 165
40 213
51 272
57 305
60 321
87 459
89 473
91 482
100 527
10
10 136
11 159
28 383
51 694
74 1006
80 1080
92 1247
94 1278
94 1282
100 1350
10
22 235
32 340
34 353
34 358
40 416
47 493
54 562
56 581
67 692
100 1032
10
2 34
7 104
15 214
20 273
38 522
54 740
63 861
97 1313
98 1324
100 1350
10
14 108
35 255
38 280
40 289
55 400
57 412
57 413
68 492
69 502
97 707
10
0 5
7 93
9 117
27 342
30 370
63 779
64 792
78 964
82 1009
100 1222
10
3 13
5 18
20 69
46 158
65 223
75 259
81 280
86 296
100 343
100 343
10
3 31
4 38
7 61
27 230
53 446
65 541
65 543
77 647
83 697
100 830
10
15 195
20 249
42 524
59 725
60 742
60 747
62 770
64 789
70 869
77 956
10
1 18
15 241
24 370
73 1140
75 1170
78 1206
83 1285
84 1302
86 1332
100 1541
10
15 7
27 12
31 14
31 14
50 22
56 25
61 27
61 27
93 41
100 44
10
22 339
31 475
38 585
39 601
40 602
63 950
67 1011
70 1057
86 1300
91 1376
10
52 472
52 478
62 569
63 572
73 665
76 692
77 700
79 720
84 767
100 905
100
1 26
2 55
3 63
3 66
3 72
5 114
8 154
8 170
10 200
10 205
11 226
13 249
13 249
14 278
16 307
16 316
17 341
21 408
21 412
21 418
22 426
22 432
23 453
24 461
24 475
25 490
27 519
27 527
28 538
29 558
30 580
31 596
32 619
34 659
34 662
35 679
35 682
36 697
37 715
39 756
40 777
40 781
41 795
42 813
42 821
46 892
47 913
47 914
50 956
50 958
54 1047
55 1053
55 1059
56 1071
57 1099
57 1100
58 1119
58 1121
60 1156
61 1170
61 1179
63 1218
65 1252
65 1253
66 1272
67 1284
68 1307
68 1308
68 1311
74 1415
74 1415
76 1456
76 1470
77 1475
78 1507
80 1545
80 1546
82 1570
83 1602
83 1602
85 1639
86 1655
87 1680
88 1687
88 1700
89 1703
89 1710
89 1714
90 1721
90 1723
91 1747
91 1747
94 1802
95 1817
96 1852
97 1871
97 1872
99 1895
99 1905
99 1910
100
0 2
1 8
1 11
3 30
4 38
5 45
7 56
9 73
10 85
11 86
13 106
13 107
14 110
17 133
17 134
17 139
20 158
20 162
21 165
21 165
21 167
22 171
22 174
22 178
23 185
24 187
25 199
25 201
27 215
27 216
27 216
27 217
29 226
29 229
30 239
31 241
31 248
33 260
34 271
35 272
35 273
35 279
36 286
37 289
37 289
38 302
42 334
43 336
43 339
45 356
49 381
50 392
51 403
51 403
53 412
54 422
54 424
55 435
56 438
59 461
60 471
65 512
68 535
69 542
71 555
71 555
73 571
73 574
74 581
75 584
76 591
76 592
77 602
77 603
78 607
78 612
79 619
79 621
80 623
80 625
81 630
82 639
83 646
83 647
84 656
84 658
85 668
87 683
88 689
89 698
91 713
92 716
92 717
93 723
93 730
97 756
97 761
99 770
99 776
100 777
100
0 0
1 14
2 19
3 28
4 35
4 36
4 38
5 40
5 43
7 61
9 76
9 79
13 109
14 114
14 116
16 130
19 153
19 158
19 159
21 170
23 191
24 194
24 197
25 207
26 208
26 210
27 218
27 220
27 223
29 234
29 236
29 237
30 242
30 243
32 259
33 267
34 277
35 282
35 286
36 288
36 290
36 295
40 320
40 320
43 344
46 373
47 377
47 382
47 383
48 387
48 388
49 392
51 409
52 423
53 430
55 443
55 446
56 450
56 453
56 454
58 469
60 482
62 502
64 514
64 516
65 520
65 521
65 521
65 521
67 542
68 547
69 553
70 561
72 580
72 583
74 598
78 631
79 634
81 648
81 651
83 671
84 674
84 678
85 687
86 689
87 700
87 700
88 705
88 707
88 708
89 719
90 722
90 723
91 733
92 742
94 755
95 762
95 764
97 776
99 793
100
1 5
3 9
3 9
6 17
7 20
9 25
9 26
9 26
10 28
11 30
12 33
13 36
14 38
15 41
16 43
17 46
18 47
18 48
20 53
21 56
21 56
22 58
22 59
22 60
22 60
23 61
23 62
26 68
26 69
26 70
27 73
28 74
29 76
31 82
31 82
32 85
33 87
33 88
34 90
34 91
35 92
36 94
36 94
36 96
37 98
39 102
40 105
40 105
40 106
42 110
45 119
47 125
50 131
50 131
51 134
51 135
51 135
53 139
53 140
54 141
56 147
61 160
62 164
64 169
65 170
65 172
70 185
71 187
72 188
72 189
73 191
73 191
74 195
75 196
78 206
79 208
80 209
80 210
81 212
83 217
84 221
85 224
86 225
86 226
86 226
90 235
90 236
90 237
91 238
91 239
91 240
93 245
94 246
95 248
98 256
98 258
98 258
99 259
99 259
100 261
100
0 7
0 17
1 35
1 39
5 99
6 133
7 146
7 146
7 151
8 158
8 161
10 197
10 210
11 221
11 229
14 277
14 288
16 321
16 330
17 335
17 337
17 341
18 369
22 435
22 438
23 463
24 490
25 507
26 520
26 530
26 531
27 550
30 594
33 654
36 712
37 736
38 753
41 814
41 815
42 841
42 846
44 885
45 901
46 924
47 944
48 948
48 953
48 954
48 956
50 997
50 1002
51 1009
51 1015
52 1040
53 1050
54 1083
55 1086
55 1094
57 1138
59 1176
59 1177
61 1207
62 1231
62 1234
62 1235
63 1245
64 1280
65 1290
66 1309
67 1332
68 1347
69 1375
70 1383
71 1417
72 1427
75 1483
75 1490
76 1512
77 1523
77 1524
77 1524
77 1527
78 1544
80 1590
80 1591
80 1593
80 1593
85 1686
87 1721
87 1728
91 1793
91 1797
91 1798
93 1850
94 1865
95 1880
97 1921
97 1927
98 1942
100 1970
100
0 3
0 4
1 29
2 35
2 36
2 44
3 52
5 79
7 113
8 126
9 135
11 177
12 190
13 208
14 215
14 218
15 233
18 276
18 281
20 304
21 316
24 366
24 372
25 386
25 387
26 391
26 392
26 401
26 402
27 404
28 427
30 448
30 462
32 482
33 505
34 522
37 556
38 570
38 574
38 578
39 588
40 606
41 618
42 634
43 655
45 674
45 675
45 678
48 723
48 728
48 729
49 733
49 744
50 749
51 775
52 786
57 862
57 862
58 868
58 878
60 897
61 921
63 949
64 961
64 962
65 979
66 988
66 993
67 1004
68 1017
68 1017
68 1027
69 1036
71 1063
73 1102
74 1106
74 1113
75 1125
78 1171
80 1199
81 1217
82 1229
83 1241
83 1248
83 1252
84 1258
84 1267
85 1274
87 1304
90 1345
91 1365
93 1388
94 1406
95 1422
95 1423
96 1447
97 1448
97 1454
98 1469
100 1492
100
0 0
4 3
5 4
7 5
7 5
10 7
10 7
11 8
11 8
15 11
15 11
15 11
17 12
18 13
18 13
20 14
20 14
20 14
20 14
21 15
22 16
22 16
24 17
25 18
25 18
27 19
27 19
28 20
28 20
28 20
30 21
30 21
31 22
32 23
32 23
34 24
34 24
35 25
35 25
37 26
38 27
40 28
41 29
41 29
42 30
42 30
45 32
45 32
45 32
47 33
47 33
50 35
50 35
51 36
51 36
51 36
51 36
52 37
57 40
57 40
58 41
60 42
60 42
61 43
62 44
64 45
64 45
65 46
65 46
65 46
65 46
67 47
67 47
67 47
68 48
70 49
71 50
71 50
71 50
72 51
74 52
75 53
78 55
80 56
81 57
82 58
82 58
82 58
85 60
88 62
90 63
92 65
94 66
95 67
95 67
95 67
98 69
98 69
98 69
98 69
100
0 12
2 33
2 38
3 50
5 87
6 98
6 104
7 115
8 130
10 162
11 179
12 186
13 205
13 214
16 249
18 293
18 293
20 312
20 318
23 360
24 372
24 372
24 384
25 390
25 400
25 401
27 427
29 453
29 456
30 468
31 480
31 482
31 483
32 499
35 542
37 575
37 575
37 580
39 612
40 619
41 643
45 707
45 707
46 713
46 725
47 741
48 747
48 747
48 753
50 775
50 784
51 789
54 848
54 850
55 862
58 901
58 901
58 907
58 908
61 952
61 958
64 993
64 1001
65 1011
68 1054
68 1054
68 1058
69 1071
70 1095
72 1116
73 1132
73 1138
74 1148
74 1155
74 1159
78 1207
78 1218
83 1288
83 1297
86 1336
86 1337
86 1338
88 1369
89 1391
90 1398
90 1402
90 1405
90 1405
91 1408
91 1411
91 1418
95 1481
96 1488
96 1494
96 1499
97 1505
98 1518
98 1524
98 1525
100 1546
100
2 42
2 55
4 77
4 82
4 83
4 88
4 90
5 102
6 119
6 120
7 148
8 168
9 184
10 200
11 213
11 222
12 227
12 231
12 242
12 243
14 275
16 311
16 312
16 314
17 339
18 351
19 370
19 370
20 379
20 386
23 436
27 522
27 524
28 534
28 543
29 553
30 570
31 603
32 622
34 649
35 663
37 712
37 713
39 738
40 767
41 785
44 843
47 893
48 912
49 925
49 926
53 1005
53 1011
53 1014
54 1019
55 1051
56 1073
59 1113
59 1126
60 1133
60 1140
62 1176
62 1180
62 1185
63 1196
64 1208
64 1215
64 1216
65 1239
66 1251
68 1295
68 1295
68 1300
69 1307
70 1331
70 1336
70 1339
73 1391
73 1392
74 1400
74 1414
76 1443
80 1524
81 1537
83 1570
83 1570
84 1597
85 1606
87 1650
87 1655
88 1667
88 1668
89 1695
92 1742
96 1823
96 1825
98 1857
99 1868
99 1878
100 1886
100
0 2
4 27
4 30
4 32
4 32
4 33
6 42
6 44
6 45
9 61
9 63
9 67
12 82
12 83
13 88
13 93
14 96
18 122
19 128
20 138
20 139
20 140
21 146
21 148
24 166
24 166
25 171
25 172
25 173
26 180
27 184
27 188
28 192
30 205
30 208
30 208
30 208
31 209
32 221
33 225
34 232
38 260
40 270
42 285
42 285
43 294
44 297
46 313
47 322
49 331
49 335
50 337
52 350
53 357
53 362
53 363
55 371
56 381
57 384
57 388
60 408
61 416
66 445
67 456
68 462
69 466
70 472
70 474
70 475
71 481
71 482
73 493
74 499
74 502
75 509
76 513
76 515
76 517
82 553
84 570
85 576
86 579
86 579
86 581
87 586
87 588
88 597
91 618
92 620
92 621
92 625
93 628
93 628
93 631
95 641
95 642
95 645
95 646
98 662
100 673
100
1 14
2 16
2 21
3 23
3 28
5 37
6 48
6 49
7 55
7 56
8 63
9 67
13 99
13 101
14 105
15 114
15 115
16 123
18 137
20 148
21 156
21 157
21 161
22 167
25 185
25 186
25 190
26 196
28 208
29 218
30 222
30 225
31 229
31 233
33 245
35 257
35 257
35 263
36 268
38 280
38 280
42 312
44 329
45 331
47 350
47 352
48 355
48 355
50 371
50 374
52 382
52 383
53 395
54 399
54 402
57 421
60 443
61 450
64 470
64 475
66 491
67 494
67 497
68 500
68 504
68 505
70 521
73 538
76 558
76 558
76 561
76 564
77 567
78 574
78 575
78 575
79 585
81 596
81 599
82 607
84 619
84 623
86 635
87 641
87 643
88 649
88 653
89 660
90 661
90 664
93 683
95 698
95 699
95 701
95 701
95 702
96 707
96 708
97 714
100 734
100
2 34
4 52
4 57
5 65
6 88
8 104
8 116
11 145
12 160
12 166
14 189
15 204
17 221
17 233
18 241
19 250
19 252
20 262
20 270
21 273
22 293
23 301
23 303
24 312
24 313
24 319
25 325
25 332
25 337
26 350
28 368
28 369
30 394
30 401
32 427
32 428
34 445
34 453
35 455
35 456
37 490
38 500
39 507
40 521
41 539
42 553
45 585
45 594
46 599
46 601
48 624
48 630
49 643
49 644
49 649
51 668
51 668
52 680
53 690
53 692
53 700
54 703
55 725
55 725
55 727
56 732
59 768
62 811
63 823
63 827
63 827
64 834
64 838
64 839
67 879
69 906
70 917
71 929
73 957
73 961
74 968
74 972
74 973
74 973
76 989
76 995
83 1087
85 1117
86 1124
87 1143
89 1162
89 1163
89 1166
90 1170
90 1173
91 1188
98 1275
99 1296
100 1300
100 1300
100
0 3
1 17
1 26
2 34
2 38
2 41
3 50
5 91
7 122
8 137
9 143
9 151
9 154
10 158
10 170
13 208
13 217
13 217
15 236
16 251
16 259
16 262
17 273
18 291
19 312
25 399
26 417
28 442
29 469
30 473
30 482
33 522
33 522
33 531
35 563
36 566
36 566
37 588
38 605
39 611
39 612
41 646
43 679
46 734
47 736
47 738
48 752
48 765
49 770
49 778
49 778
53 830
54 851
54 855
55 871
56 878
56 884
60 948
61 964
61 965
62 978
64 1011
65 1030
69 1080
70 1101
72 1138
73 1148
73 1148
74 1165
75 1175
77 1209
77 1217
77 1218
77 1219
77 1220
78 1223
78 1231
80 1263
80 1266
80 1267
81 1279
84 1322
85 1331
86 1353
87 1369
87 1372
88 1381
89 1401
90 1411
92 1444
92 1446
93 1460
94 1481
94 1483
94 1484
96 1510
96 1511
97 1528
97 1532
100 1565
100
0 13
0 15
0 16
1 26
1 27
1 34
2 37
2 45
3 56
5 96
6 116
7 132
7 138
12 222
13 242
14 261
15 279
16 290
16 301
18 336
20 367
20 371
21 377
23 419
23 423
24 430
25 454
27 495
29 522
29 533
32 580
32 585
33 603
34 617
36 647
36 654
37 671
37 677
38 684
38 688
40 727
43 768
43 771
44 788
44 802
46 830
47 848
48 874
49 883
53 950
53 952
54 971
54 972
57 1021
57 1034
57 1035
58 1036
58 1045
60 1076
61 1093
61 1094
63 1136
64 1145
64 1146
64 1147
64 1148
64 1153
65 1171
66 1181
66 1192
67 1203
67 1213
68 1221
68 1228
70 1267
71 1270
71 1281
72 1287
72 1293
74 1335
76 1360
76 1363
78 1407
79 1414
79 1419
79 1419
81 1453
81 1457
81 1461
82 1470
82 1475
84 1502
84 1513
85 1519
86 1536
86 1543
89 1601
94 1681
94 1684
99 1778
100
0 7
2 21
3 33
4 41
4 41
4 41
4 43
5 47
7 62
8 79
13 115
13 117
14 129
14 130
16 142
16 145
16 148
17 154
17 155
19 167
19 169
19 172
22 196
25 220
28 246
31 275
31 279
32 289
33 291
34 299
34 303
35 313
35 313
35 315
36 319
39 347
41 360
41 363
43 381
43 385
43 385
44 387
47 418
49 431
49 432
50 445
50 447
51 450
52 457
52 458
52 463
53 468
53 472
55 487
55 488
55 490
56 494
59 520
61 538
62 549
67 597
69 606
70 618
71 625
71 625
71 627
73 643
73 644
73 644
73 646
73 649
74 650
76 670
76 673
77 677
78 690
80 705
80 708
81 714
81 715
82 720
83 733
83 734
85 753
86 760
88 778
89 784
90 792
90 797
91 800
91 804
91 805
92 812
94 828
95 838
95 838
95 841
96 846
98 864
100 878
100
0 12
1 19
3 50
4 57
4 64
5 70
5 71
5 77
7 97
7 100
8 107
9 126
9 129
10 135
10 146
12 163
13 185
14 189
15 205
19 259
19 260
19 264
21 292
23 307
23 308
23 315
26 347
26 349
26 353
26 359
31 425
34 460
35 474
36 487
36 491
39 524
40 537
41 550
41 554
41 554
42 568
44 589
45 607
45 607
47 632
50 667
52 694
53 710
53 717
56 749
56 752
56 757
57 769
58 775
59 796
61 816
61 823
65 873
66 886
66 890
67 895
67 896
67 901
67 906
70 936
70 945
72 966
72 969
73 978
73 983
74 991
75 1001
75 1009
77 1031
79 1055
79 1057
79 1064
80 1073
81 1089
82 1095
82 1102
83 1114
83 1116
85 1143
86 1151
86 1158
87 1171
89 1188
89 1189
92 1237
93 1241
93 1248
94 1254
94 1265
94 1266
95 1274
96 1281
98 1310
98 1318
99 1322
100
0 1
1 2
2 4
4 8
6 11
7 12
7 12
8 14
8 14
8 14
8 15
8 15
10 18
13 23
14 24
15 26
16 27
17 30
19 32
20 34
21 36
22 37
22 37
23 39
23 40
24 41
26 44
28 48
29 50
35 60
36 61
38 64
39 66
40 68
40 68
43 73
46 78
47 80
48 81
48 81
48 82
51 86
52 89
52 89
54 92
55 93
57 97
60 101
60 101
60 102
63 106
63 106
63 107
63 107
64 109
64 109
66 111
66 112
66 112
67 113
67 114
69 116
69 117
70 118
72 121
72 122
74 125
75 126
75 127
76 128
77 130
79 134
79 134
79 134
79 134
80 135
80 136
80 136
83 140
84 142
85 144
85 144
89 151
89 151
90 152
91 153
91 154
92 155
92 155
92 155
93 157
95 160
95 161
97 163
97 163
98 165
98 165
100 168
100 168
100 168
100
0 13
1 27
2 42
2 44
3 59
3 65
4 73
4 78
5 89
5 89
5 92
6 112
8 140
8 144
9 162
10 170
11 191
11 194
13 223
14 244
15 261
16 266
16 280
17 285
17 290
18 304
19 328
20 331
21 349
21 356
26 445
28 467
28 469
28 472
28 475
31 514
31 514
31 514
32 534
32 534
33 550
33 551
36 605
36 609
39 644
40 676
42 697
43 711
44 727
46 759
46 767
47 778
49 821
52 864
53 879
54 897
55 909
55 912
57 942
58 971
59 987
59 988
60 990
62 1031
63 1040
63 1041
63 1053
64 1069
67 1117
68 1129
68 1134
69 1141
71 1180
75 1246
76 1256
76 1259
79 1309
79 1317
79 1319
81 1351
85 1407
85 1413
85 1413
87 1447
87 1447
88 1454
88 1456
88 1461
89 1473
89 1477
90 1490
90 1495
91 1516
92 1524
93 1546
93 1547
95 1571
97 1611
98 1630
100 1649
100
0 11
1 17
1 19
1 20
2 24
2 30
2 32
3 34
4 48
5 60
5 62
8 97
8 98
9 106
10 111
15 173
17 190
18 201
18 206
18 208
19 211
19 213
20 228
20 230
21 241
22 248
22 252
23 254
23 263
26 293
27 300
28 309
29 329
30 333
33 369
34 376
34 384
35 389
35 391
37 409
38 423
38 428
39 439
41 460
41 462
42 470
45 507
45 507
46 514
48 535
48 540
50 556
50 557
51 566
52 574
52 584
54 605
54 605
57 636
61 678
64 707
64 707
64 715
65 717
65 721
69 764
69 771
70 779
70 782
72 796
72 798
73 807
74 826
75 838
76 843
76 845
77 854
77 856
78 866
80 886
80 889
81 897
82 905
82 906
82 908
84 927
84 930
86 954
86 956
89 989
90 994
90 999
91 1010
91 1013
94 1046
96 1060
96 1068
97 1072
98 1083
100 1103
100
1 21
1 29
3 56
4 89
7 126
8 151
8 161
12 219
12 233
15 271
16 299
16 304
17 307
17 311
17 314
17 314
19 347
20 368
20 376
22 399
22 402
23 429
24 437
24 440
27 491
32 581
33 594
33 601
34 614
39 714
40 720
41 743
42 765
42 771
43 777
43 781
43 784
43 791
44 794
47 858
48 864
48 869
48 872
49 897
50 907
50 912
51 923
52 942
52 953
54 980
56 1008
58 1052
59 1062
60 1087
61 1100
62 1126
63 1146
64 1152
64 1162
65 1173
65 1173
65 1187
66 1200
67 1212
68 1227
70 1260
70 1273
73 1326
74 1346
75 1351
75 1357
75 1362
76 1378
77 1396
78 1410
78 1414
79 1422
79 1428
79 1432
79 1433
79 1439
80 1445
80 1448
80 1452
80 1452
83 1509
86 1551
87 1569
88 1591
91 1645
92 1668
92 1672
93 1683
93 1687
96 1728
97 1752
97 1758
97 1762
98 1766
98 1770
100
0 1
0 13
1 35
1 37
2 40
2 47
2 50
4 88
5 105
5 107
6 123
7 141
8 164
8 170
8 173
10 208
10 212
11 229
12 241
13 258
13 262
14 295
15 297
16 322
17 336
17 343
17 347
19 379
19 385
20 397
20 407
20 410
21 416
25 496
25 500
25 502
27 539
27 542
27 551
28 557
28 564
29 574
32 639
34 672
37 747
38 759
38 766
39 770
39 771
39 784
40 802
44 886
45 900
46 908
46 923
46 925
47 933
48 954
48 957
49 977
50 999
53 1052
53 1059
53 1064
54 1070
54 1077
55 1094
56 1106
56 1121
57 1125
58 1153
58 1154
58 1159
59 1176
59 1181
65 1294
66 1311
67 1336
67 1340
69 1377
71 1409
73 1452
74 1462
75 1496
76 1501
76 1506
80 1581
80 1594
85 1692
86 1708
88 1752
88 1754
89 1763
90 1788
92 1816
94 1860
95 1873
95 1879
97 1918
100 1971
100
1 8
1 8
1 10
2 14
3 18
3 20
7 43
7 44
9 54
11 68
11 68
12 76
13 78
13 80
14 87
15 91
16 97
16 98
20 119
23 137
23 139
25 148
25 149
26 155
26 157
27 161
28 168
29 172
31 185
31 185
32 195
34 205
35 211
35 212
36 213
36 216
37 220
38 227
38 229
38 229
38 230
39 236
41 245
41 248
42 252
43 258
44 265
46 275
47 279
48 284
49 295
51 304
52 308
52 309
53 316
54 322
54 323
57 342
58 344
58 347
60 357
60 357
60 360
61 364
63 376
65 388
67 400
68 406
69 412
69 412
71 422
72 429
74 442
76 450
77 458
80 475
82 485
82 487
83 493
84 497
84 498
85 505
87 519
88 522
88 523
88 525
88 525
90 532
90 533
90 537
92 549
93 550
93 551
93 553
95 563
95 563
97 577
97 577
97 577
98 581
100
1 7
2 9
2 10
2 11
2 12
3 14
4 17
5 21
6 26
7 30
7 31
8 35
8 36
11 45
13 53
14 58
15 63
16 66
18 74
18 75
19 80
22 90
23 95
24 100
25 104
25 104
26 106
26 107
26 108
27 111
27 111
27 111
30 123
32 129
34 138
35 144
38 155
38 156
39 158
40 162
41 166
41 166
41 168
42 170
43 175
44 178
45 182
48 196
49 198
50 204
51 205
51 205
51 205
51 207
51 207
55 224
56 228
57 232
58 233
58 235
59 240
60 244
61 248
63 253
63 254
65 263
65 264
67 270
68 274
69 280
70 284
71 288
75 301
75 303
76 308
78 313
78 314
78 316
80 321
82 329
82 331
83 333
83 336
84 337
84 337
84 340
87 349
88 354
89 358
89 358
93 374
95 383
97 389
97 391
98 393
98 394
98 395
99 398
99 400
100 401
100
1 10
2 13
3 18
4 25
4 27
5 32
7 42
8 47
11 65
12 68
12 69
12 71
13 75
17 99
17 99
18 100
18 103
21 118
22 122
23 132
24 134
24 137
25 140
29 164
29 166
30 167
30 170
30 171
31 174
31 176
31 176
33 184
34 189
35 195
36 203
37 210
38 214
40 222
40 226
42 234
42 236
43 240
43 243
44 245
44 249
50 280
52 291
54 302
55 309
58 326
60 333
60 333
60 336
61 342
61 342
62 346
62 348
64 355
65 365
66 370
67 375
69 386
69 387
70 388
70 389
70 392
72 400
74 411
75 416
76 422
77 431
79 440
81 452
82 455
82 456
83 461
83 462
83 463
83 465
84 466
86 477
86 479
87 482
88 489
88 493
88 493
89 495
89 496
89 498
91 506
91 507
91 508
92 512
94 522
96 532
96 533
97 538
98 543
99 552
100 554
100
0 6
0 10
0 12
2 48
4 78
4 88
4 89
4 93
6 118
7 142
8 169
9 181
10 192
11 219
11 225
12 239
13 247
13 256
14 280
15 285
16 301
18 347
20 383
20 392
22 420
23 440
27 523
28 542
28 544
30 568
31 585
32 617
33 633
35 663
36 691
38 731
39 736
39 738
40 757
40 758
40 764
41 776
42 798
43 809
43 811
44 843
44 844
45 863
46 872
47 884
47 899
48 905
48 908
48 918
51 970
52 986
53 999
54 1026
58 1099
61 1151
61 1154
61 1156
61 1159
64 1206
65 1237
66 1250
67 1261
67 1274
68 1279
68 1287
71 1339
71 1339
71 1343
72 1353
73 1378
74 1398
74 1407
75 1416
75 1419
77 1449
79 1486
79 1496
80 1504
80 1516
83 1574
85 1600
85 1604
85 1606
87 1639
88 1670
89 1687
91 1716
91 1717
91 1719
92 1743
94 1778
94 1778
96 1817
97 1834
99 1876
