50
10
3 55
17 263
17 275
23 359
38 585
56 864
76 1181
77 1199
79 1223
86 1332
10
3 57
11 178
24 360
27 418
38 579
54 820
65 976
70 1055
76 1139
100 1493
10
0 11
25 437
40 705
44 778
53 926
54 944
73 1284
82 1432
94 1649
100 1736
10
25 67
28 73
38 99
38 101
48 125
63 165
73 190
84 219
89 232
100 260
10
3 60
40 753
50 942
59 1109
66 1235
85 1580
86 1607
91 1692
94 1749
100 1853
10
5 68
7 97
10 129
12 161
14 175
79 984
84 1048
87 1089
99 1238
100 1243
10
1 6
6 33
6 35
8 42
13 67
15 82
42 217
57 294
72 370
97 500
10
0 0
5 1
11 2
29 5
47 8
58 10
70 12
76 13
88 15
100 17
10
8 92
35 388
42 474
53 586
61 676
62 694
73 813
88 979
92 1023
100 1105
10
22 225
36 368
39 395
53 537
53 539
54 549
57 573
61 620
85 862
98 992
10
29 419
44 622
45 635
65 922
70 990
73 1028
85 1201
87 1225
89 1245
100 1397
10
25 11
40 18
43 19
47 21
59 26
63 28
65 29
88 39
93 41
100 44
10
0 1
1 2
16 20
30 38
47 59
51 63
75 93
88 109
96 119
100 123
10
9 73
32 259
39 314
62 503
67 544
70 568
77 624
95 766
98 796
100 805
10
12 62
31 150
34 166
55 267
60 288
60 291
66 318
91 437
95 456
100 478
10
27 40
38 57
81 120
88 130
89 132
89 132
90 133
92 136
97 143
100 147
10
3 78
14 289
16 326
64 1284
68 1352
70 1406
80 1605
87 1731
94 1886
97 1929
10
19 360
37 679
43 792
56 1028
62 1126
68 1235
70 1287
79 1447
92 1682
100 1816
10
6 125
7 137
7 138
21 418
31 614
35 701
42 835
73 1430
88 1724
88 1734
10
6 77
16 190
18 212
28 339
39 469
42 495
57 681
58 682
70 826
100 1175
10
2 38
3 47
3 48
64 837
66 867
71 927
77 1012
78 1020
91 1182
91 1192
10
4 68
27 382
35 490
55 760
69 951
76 1048
77 1064
96 1320
99 1353
100 1365
10
8 73
13 113
14 128
17 148
27 237
28 243
45 394
48 417
60 521
92 803
10
9 174
27 512
59 1108
68 1284
74 1391
77 1437
77 1453
83 1550
95 1781
100 1866
10
10 186
38 680
45 806
55 991
59 1056
81 1449
88 1570
90 1610
91 1614
100 1772
100
1 19
1 26
3 51
4 83
5 84
5 91
6 113
10 168
10 169
10 170
10 178
10 184
14 236
16 278
18 310
18 311
19 326
19 328
19 328
20 349
21 356
22 375
23 392
24 410
25 423
25 431
25 433
29 494
30 506
30 519
31 534
31 537
32 538
32 548
38 652
39 655
39 663
39 664
39 666
40 678
41 692
42 718
46 775
48 822
50 851
51 859
51 862
52 881
52 882
52 889
53 893
53 896
53 897
55 934
55 935
55 937
59 999
60 1009
60 1018
60 1019
61 1026
62 1043
63 1060
64 1077
64 1081
66 1122
69 1166
70 1180
70 1184
70 1190
74 1243
76 1287
77 1302
78 1314
78 1316
79 1333
81 1370
81 1372
82 1386
83 1396
83 1399
84 1417
84 1420
85 1431
85 1443
86 1457
87 1462
88 1484
88 1487
91 1532
91 1535
92 1545
94 1583
94 1590
95 1598
95 1607
96 1621
98 1649
98 1650
100 1679
100
0 3
1 15
2 27
3 33
3 33
3 37
7 69
7 74
9 91
9 91
10 94
11 103
12 114
12 119
13 124
14 134
15 142
19 180
20 188
22 211
23 217
23 218
25 233
25 237
26 244
26 250
27 252
28 261
28 270
28 270
29 275
29 278
32 306
35 329
37 350
37 354
38 358
39 368
40 375
43 405
43 408
43 408
44 412
44 412
44 418
44 419
48 449
51 480
53 497
53 497
53 498
54 512
55 517
57 539
58 547
58 548
60 560
60 561
65 606
66 617
66 621
68 635
70 659
70 659
70 661
71 664
71 667
71 667
71 668
72 677
74 697
75 701
75 704
75 704
75 705
75 707
78 727
78 732
80 754
80 754
81 755
81 755
81 756
81 757
81 764
82 772
84 789
84 789
84 790
85 800
85 800
87 819
88 826
91 853
96 901
96 904
99 925
99 926
99 928
100 932
100
0 4
1 11
4 26
5 30
5 30
6 37
7 41
9 54
10 63
11 64
13 81
14 84
15 89
15 90
16 93
18 108
21 124
21 126
22 129
22 130
22 131
23 136
23 137
24 141
24 142
26 151
28 164
28 165
29 169
29 173
32 186
32 188
32 189
32 189
33 192
34 199
34 201
35 206
35 207
36 211
38 224
40 234
44 258
45 265
46 267
46 268
47 274
47 277
48 279
50 292
50 295
51 297
52 305
54 318
54 318
55 319
55 322
58 336
58 338
58 341
59 347
61 355
61 355
62 362
66 384
67 389
67 389
69 402
69 402
69 404
69 404
70 406
71 415
72 420
73 424
74 432
76 445
77 450
78 457
79 458
79 463
81 472
81 473
82 476
83 481
83 482
84 489
84 490
86 498
86 500
89 516
89 516
90 524
91 527
92 533
95 553
95 554
97 565
97 567
99 577
100
0 3
0 4
1 26
1 28
3 45
4 68
5 75
5 81
5 86
6 93
6 100
6 103
7 115
9 149
12 191
14 215
15 233
15 234
16 243
17 268
18 283
18 284
19 289
19 291
19 295
21 319
22 338
23 350
24 370
25 384
28 421
28 423
30 450
30 450
31 475
32 487
33 499
34 520
36 540
38 582
39 587
40 603
41 621
44 664
44 664
44 670
45 676
47 714
49 740
49 747
50 755
50 758
51 769
54 817
55 837
55 838
57 868
58 875
59 886
62 937
64 972
65 975
67 1007
69 1040
69 1047
70 1049
70 1050
70 1052
71 1072
72 1086
72 1087
74 1117
76 1139
76 1141
76 1146
77 1156
79 1188
79 1194
79 1196
80 1200
81 1217
82 1233
83 1248
84 1265
85 1287
86 1295
86 1302
87 1305
88 1323
88 1329
90 1355
92 1390
93 1396
94 1409
94 1414
95 1431
95 1431
97 1458
98 1471
99 1486
100
2 27
5 58
9 92
9 93
10 101
11 110
16 164
16 167
16 167
17 168
17 168
17 176
17 177
18 182
19 189
20 198
20 199
20 201
20 205
22 222
23 227
23 231
24 243
27 275
29 288
29 295
30 304
30 304
31 307
31 313
31 314
32 318
32 320
35 348
35 354
36 363
37 372
38 380
39 387
40 402
41 408
41 412
42 416
45 446
46 456
46 463
48 474
48 475
48 483
51 504
51 505
52 520
52 522
55 544
56 553
56 558
56 561
57 566
58 572
59 591
60 599
61 602
62 618
62 619
63 625
63 628
64 636
64 638
64 639
64 640
65 641
65 647
66 652
69 688
71 703
72 717
73 725
75 743
76 750
77 761
78 771
78 772
78 774
79 781
79 783
81 803
81 807
82 817
83 828
84 831
85 841
85 842
90 896
91 907
92 914
92 915
97 964
98 971
99 984
100 986
100
0 15
2 39
3 56
3 56
4 79
7 118
7 126
8 141
9 167
10 173
14 237
15 255
16 277
17 289
18 310
19 321
20 343
20 351
20 353
21 361
24 416
25 435
26 441
28 475
28 475
28 486
29 496
30 507
31 532
33 560
33 569
34 577
36 614
37 633
39 662
39 672
40 689
41 694
43 726
44 743
44 747
45 773
46 783
47 807
50 857
50 858
51 867
52 878
52 884
52 890
52 892
54 921
55 930
56 947
56 958
58 980
59 1008
59 1009
60 1012
61 1044
63 1061
64 1085
65 1104
66 1113
66 1115
66 1123
66 1126
69 1170
69 1173
70 1190
72 1220
72 1227
72 1228
72 1228
73 1239
73 1241
76 1291
77 1311
77 1311
78 1314
78 1318
79 1332
79 1337
79 1346
81 1367
83 1411
84 1423
84 1427
84 1428
86 1454
88 1490
89 1503
89 1512
92 1552
94 1590
97 1639
99 1671
99 1677
99 1679
100 1684
100
0 3
0 7
0 15
1 32
2 42
5 97
5 104
5 109
5 111
6 125
7 137
7 146
7 148
9 176
9 184
11 221
13 263
14 273
15 291
15 303
18 346
18 354
19 369
19 370
19 378
20 382
21 400
23 448
26 496
26 511
27 523
27 526
27 529
32 613
33 638
33 641
34 659
36 700
38 739
41 781
41 788
42 810
42 816
43 827
43 831
44 838
44 851
45 863
45 872
47 907
48 914
48 916
48 927
48 930
49 951
50 953
51 982
53 1026
53 1026
54 1040
56 1079
58 1119
61 1167
61 1170
61 1179
62 1182
62 1192
63 1212
65 1237
65 1237
65 1254
70 1334
72 1374
72 1383
74 1422
76 1452
76 1454
77 1481
78 1485
79 1511
80 1534
80 1540
81 1548
81 1551
84 1614
85 1621
85 1626
86 1644
88 1687
89 1710
90 1716
91 1743
92 1760
93 1785
96 1832
96 1842
97 1855
97 1858
99 1891
99 1899
100
0 5
1 18
2 26
2 31
3 41
4 48
4 51
5 63
6 66
6 72
7 78
7 80
7 84
7 84
7 84
7 85
7 85
9 101
10 114
11 118
13 147
14 156
18 196
19 204
20 218
21 230
22 243
22 246
22 246
24 263
26 280
27 295
27 298
28 306
30 331
31 341
34 369
37 397
37 404
38 415
41 442
41 445
46 501
47 505
47 507
47 508
49 528
49 532
49 534
50 538
50 538
52 565
53 568
53 577
55 591
55 593
57 618
58 624
58 624
60 643
60 644
60 648
61 662
61 663
63 684
64 688
67 727
70 755
71 768
73 789
76 823
77 829
78 836
78 836
78 838
78 840
78 841
78 842
79 856
80 857
80 861
81 869
81 871
82 879
82 881
82 888
84 904
86 923
88 944
88 950
89 960
89 961
91 978
91 978
92 996
93 1006
95 1028
96 1030
99 1062
100 1071
100
1 25
4 86
5 106
6 133
7 136
7 143
7 144
8 167
10 210
11 222
11 223
13 251
13 262
14 279
14 280
15 305
16 310
17 345
17 345
18 351
18 352
19 381
20 391
21 413
21 417
24 463
24 464
26 513
27 522
29 562
29 567
30 577
35 683
36 693
36 700
36 700
37 717
38 734
38 745
39 755
39 766
40 778
41 801
42 820
43 825
43 837
45 864
46 895
47 910
47 917
48 930
52 1001
52 1003
54 1049
55 1069
55 1071
57 1094
59 1138
59 1145
60 1164
61 1181
64 1245
65 1259
65 1262
66 1271
66 1282
69 1328
71 1377
72 1381
72 1389
72 1392
73 1414
73 1418
75 1447
76 1461
77 1492
79 1516
79 1521
79 1529
81 1559
81 1564
82 1575
82 1575
84 1619
85 1641
89 1709
89 1718
89 1719
90 1735
90 1744
91 1753
91 1761
91 1763
92 1765
93 1793
94 1819
96 1845
96 1848
96 1856
96 1858
100
1 37
4 93
6 113
6 125
10 190
11 218
11 225
14 266
15 287
16 306
16 311
18 340
18 340
18 344
19 363
19 376
21 396
22 419
26 490
26 493
28 542
30 573
30 576
31 596
31 597
32 610
33 625
33 629
35 664
36 684
36 685
37 697
37 711
39 737
39 744
40 763
41 784
42 797
43 826
44 838
45 858
45 862
45 862
47 897
48 909
48 910
48 913
48 914
49 929
49 935
50 941
50 948
51 960
51 973
53 1000
53 1007
53 1008
54 1019
55 1045
56 1063
57 1087
58 1101
59 1118
59 1119
60 1141
61 1151
63 1190
63 1200
64 1221
65 1239
70 1318
73 1380
73 1382
74 1395
75 1417
75 1417
75 1418
75 1423
75 1427
76 1442
79 1491
80 1514
80 1518
81 1528
81 1532
82 1549
83 1573
86 1619
86 1625
87 1654
90 1696
93 1751
93 1755
96 1807
96 1818
97 1844
98 1849
99 1872
99 1879
100 1882
100
1 12
1 15
1 18
5 63
5 64
6 79
7 86
8 98
8 101
9 109
9 115
10 121
12 144
14 170
15 178
15 179
17 208
18 211
18 212
18 216
19 224
19 228
21 247
21 252
21 254
24 281
24 288
25 292
25 298
25 302
27 318
27 319
27 319
27 324
29 345
31 364
32 378
35 419
37 440
37 440
38 448
38 451
39 459
39 462
40 477
41 479
50 586
50 590
51 600
51 600
51 603
52 616
54 636
54 639
55 643
55 647
56 662
57 670
58 685
58 686
60 705
62 733
62 735
63 738
63 739
66 772
66 780
68 795
68 799
68 802
71 833
71 834
71 835
72 846
72 849
73 864
74 874
75 882
77 911
78 919
79 928
84 985
87 1017
87 1026
90 1062
92 1077
94 1098
94 1101
96 1126
96 1131
97 1133
97 1142
98 1148
98 1148
98 1153
99 1159
99 1160
99 1165
99 1165
100 1168
100
0 1
2 4
2 4
2 4
2 4
3 5
4 7
5 9
5 9
7 12
9 15
10 16
13 21
14 22
14 22
15 24
16 25
18 28
20 31
20 31
21 33
22 34
23 36
23 36
28 44
29 45
30 47
30 47
30 47
31 49
32 50
33 51
34 53
35 54
35 55
37 57
37 58
38 59
39 61
40 62
43 67
43 67
44 69
46 71
46 72
48 75
49 76
50 77
50 78
50 78
50 78
55 85
57 88
57 89
58 90
61 94
61 95
62 97
64 99
64 100
66 102
68 106
69 107
69 107
69 107
70 108
71 110
71 110
74 114
75 116
75 117
77 119
77 119
79 123
83 128
84 130
85 131
85 132
85 132
88 137
88 137
89 138
90 139
90 139
90 140
90 140
92 143
94 146
94 146
96 148
96 148
97 150
98 151
98 152
98 152
98 152
98 152
99 153
100 154
100 154
100
1 13
1 16
2 24
4 35
5 49
6 54
7 58
11 97
12 106
13 110
14 116
14 116
16 135
19 158
19 162
20 165
20 169
21 179
25 207
26 216
27 228
27 228
29 240
29 242
29 245
30 253
31 262
34 280
34 282
34 283
35 287
36 301
37 310
39 325
39 325
39 325
40 331
40 335
40 335
44 362
44 363
47 386
47 386
47 386
47 391
50 410
50 412
50 418
51 426
52 427
54 443
54 443
54 444
54 450
55 455
56 460
56 460
56 463
56 465
56 467
58 479
58 482
63 521
64 526
64 529
66 546
67 556
68 562
69 567
71 589
71 590
72 593
74 611
76 625
76 630
77 632
77 636
79 652
79 655
81 666
81 671
82 673
82 675
83 682
84 694
86 706
88 725
89 730
90 739
90 743
90 743
94 773
94 774
94 776
95 781
96 789
97 799
97 801
99 815
100 820
100
1 16
2 34
4 59
10 125
10 126
10 126
10 131
11 141
13 168
14 177
15 195
17 211
18 231
22 281
22 281
24 298
25 318
26 331
29 363
29 365
29 366
29 370
30 372
30 378
31 393
34 428
34 431
36 449
38 473
38 477
38 481
38 482
39 485
39 493
41 516
42 528
43 536
43 537
43 544
43 545
44 550
47 586
47 594
47 594
49 618
49 618
50 629
51 639
51 641
52 649
52 650
52 655
53 663
53 667
53 667
53 669
55 688
56 697
56 698
57 710
57 718
57 719
57 719
58 731
59 739
61 764
63 788
65 809
66 825
67 839
67 842
70 874
71 888
71 892
71 892
72 903
73 911
76 948
77 956
78 975
80 1000
80 1000
81 1009
82 1024
82 1027
83 1030
83 1030
84 1045
86 1071
91 1130
92 1147
92 1148
95 1186
95 1189
96 1194
97 1209
97 1212
98 1222
99 1237
100 1240
100
0 13
0 14
2 41
2 44
2 48
2 54
3 72
5 97
5 98
5 99
5 100
5 107
6 111
7 146
10 189
10 198
14 269
16 300
16 312
17 319
18 337
19 354
19 356
20 385
21 397
22 422
24 444
24 458
28 536
30 556
30 570
31 575
31 582
32 607
33 613
33 627
33 627
34 642
35 661
35 664
36 666
37 688
39 735
40 743
40 749
40 753
40 753
41 766
42 790
47 876
47 881
49 908
50 931
50 932
52 971
53 983
53 986
53 991
53 995
53 997
54 1004
55 1030
58 1074
59 1101
59 1109
61 1130
63 1172
64 1191
68 1268
71 1320
72 1345
72 1346
73 1353
73 1356
73 1368
74 1374
74 1377
79 1466
79 1468
80 1481
80 1483
80 1488
81 1506
82 1533
83 1547
84 1560
85 1574
85 1589
86 1591
86 1600
87 1624
89 1649
89 1652
89 1658
91 1690
92 1714
93 1736
94 1740
94 1753
98 1825
100
0 3
0 4
1 11
1 11
3 20
4 30
9 60
10 62
10 64
12 76
12 77
13 81
13 83
14 89
15 93
15 93
17 108
17 108
18 110
18 112
20 125
21 127
21 127
22 138
25 151
25 153
25 154
26 157
26 159
27 163
27 167
27 168
29 180
31 192
32 195
33 203
35 215
37 224
37 228
38 229
41 247
45 271
45 274
47 287
48 291
50 302
50 303
51 310
52 315
52 316
53 320
53 322
54 325
57 348
59 355
61 367
61 368
61 369
62 375
63 382
64 386
64 389
64 390
65 396
66 400
66 400
68 410
68 414
71 431
72 438
73 444
75 452
76 459
77 463
77 463
77 466
79 478
80 485
80 486
82 497
85 512
85 512
86 519
88 531
88 534
89 535
90 541
90 542
91 552
92 553
92 558
94 568
96 577
96 582
97 583
97 586
98 589
99 599
100 601
100 601
100
0 6
0 9
0 11
1 19
1 26
4 71
4 72
5 82
5 93
5 94
10 163
12 195
12 198
14 239
15 257
18 291
18 305
19 320
20 334
20 334
21 342
24 391
25 408
25 413
26 430
27 443
29 475
29 475
29 478
32 517
33 538
34 554
35 573
36 592
36 593
37 598
37 608
38 612
40 646
40 655
41 672
41 672
43 707
44 710
44 718
44 723
45 728
45 731
45 739
46 742
48 785
49 790
49 798
49 802
50 805
50 806
53 863
54 870
54 879
54 883
55 898
58 934
58 936
58 945
60 966
61 997
63 1022
64 1033
64 1044
65 1061
67 1094
68 1100
69 1125
69 1126
70 1134
71 1154
72 1167
75 1211
76 1227
77 1247
78 1264
79 1284
80 1303
81 1315
83 1348
84 1362
85 1369
85 1384
87 1401
87 1409
88 1417
88 1421
89 1441
89 1444
89 1447
90 1457
97 1564
99 1607
99 1607
100 1610
100
3 52
7 128
10 178
11 187
12 211
13 219
14 242
15 253
17 281
17 285
18 307
20 330
21 343
23 389
23 389
24 397
24 407
25 418
26 436
29 477
30 494
30 495
30 502
31 517
31 518
32 531
33 544
34 562
34 570
35 573
36 588
37 610
38 622
39 640
39 644
39 645
39 646
39 652
42 693
43 713
44 729
44 729
44 732
45 747
47 775
49 802
50 819
51 843
51 847
53 866
53 873
53 873
54 886
54 893
56 921
58 947
60 980
61 1000
61 1007
63 1029
64 1051
64 1052
64 1056
65 1070
65 1074
66 1091
68 1125
70 1143
70 1148
72 1177
72 1178
72 1181
72 1190
74 1211
75 1225
75 1227
75 1235
76 1254
77 1268
79 1290
79 1299
80 1309
82 1342
82 1342
83 1355
83 1369
84 1372
84 1377
85 1390
86 1405
88 1444
89 1460
89 1464
90 1480
90 1481
91 1491
91 1495
95 1553
95 1562
95 1564
100
0 6
2 27
2 27
3 48
5 70
6 84
7 98
8 108
8 113
9 123
10 137
11 147
11 158
16 226
17 227
19 264
22 305
23 316
24 330
25 345
27 365
27 372
29 392
30 406
31 424
32 428
32 433
32 437
33 441
33 442
34 465
35 473
36 485
37 495
38 517
39 520
40 534
40 541
40 544
41 546
42 565
43 573
44 590
44 598
49 655
50 665
52 699
52 699
54 727
55 733
56 745
56 758
57 762
58 772
60 809
63 849
64 859
64 864
65 873
66 882
66 882
66 885
66 886
68 905
69 919
69 919
69 923
69 925
70 931
70 942
71 951
71 955
73 975
73 976
74 985
74 985
75 1002
76 1018
76 1022
77 1027
78 1039
78 1043
80 1069
82 1098
82 1103
83 1112
86 1146
87 1158
87 1168
87 1168
88 1174
90 1204
90 1210
90 1210
92 1224
92 1230
98 1314
99 1321
100 1330
100 1330
100
0 0
0 0
4 7
5 8
6 11
10 17
12 19
12 20
12 20
15 24
17 28
22 35
23 37
24 38
24 39
25 40
25 40
25 41
26 42
27 43
27 43
27 43
27 43
27 43
28 45
28 45
28 45
29 46
29 46
29 47
31 50
32 52
32 52
33 53
33 53
33 53
34 54
34 54
35 56
36 57
37 60
38 61
38 61
38 61
39 62
40 64
41 65
41 65
43 69
45 72
47 75
49 78
51 81
51 81
54 86
55 88
57 91
58 92
60 95
60 95
60 96
61 97
65 103
65 104
65 104
65 104
68 109
69 110
70 112
70 112
74 118
75 120
77 122
78 124
81 128
81 128
81 128
82 131
84 133
86 137
87 138
88 140
88 140
88 140
89 141
89 142
89 142
89 142
89 142
91 145
91 145
92 146
92 146
93 147
93 148
96 152
96 152
97 154
98 156
100 158
100
1 22
3 59
3 62
3 67
4 79
6 120
7 126
7 142
9 176
12 227
13 240
14 259
17 306
18 332
18 337
18 338
19 344
20 370
20 375
24 440
25 448
25 453
25 457
28 517
29 528
29 531
32 574
33 601
35 634
36 646
38 690
39 709
39 714
40 722
41 748
42 756
42 764
43 772
43 778
44 794
44 803
44 805
45 813
45 816
45 818
47 852
47 855
50 909
52 939
53 959
54 976
54 983
55 987
55 999
56 1005
56 1012
56 1019
57 1031
57 1035
59 1071
60 1084
61 1096
61 1102
61 1102
62 1115
62 1119
62 1124
66 1189
68 1231
69 1252
70 1259
70 1267
70 1270
71 1280
71 1282
71 1283
72 1296
72 1303
74 1340
75 1344
78 1407
79 1414
83 1485
84 1508
84 1510
85 1523
86 1544
87 1566
87 1569
88 1575
88 1578
90 1622
91 1629
91 1637
92 1652
94 1685
96 1733
97 1743
100 1789
100 1789
100
0 6
0 6
1 26
2 39
4 57
4 66
6 86
6 98
8 121
11 160
11 160
11 165
12 182
12 184
13 196
16 231
17 245
21 307
22 324
24 345
25 358
25 358
25 366
27 393
28 404
28 406
30 432
31 444
32 460
33 476
33 479
33 482
34 494
35 504
35 510
36 514
37 535
37 535
38 549
38 554
39 558
39 565
39 567
40 575
42 604
43 617
43 622
44 634
46 656
47 670
48 691
48 692
48 695
50 715
53 758
53 765
54 779
56 805
58 829
58 831
59 850
61 878
64 916
64 917
65 924
65 932
67 959
67 961
67 962
68 978
70 1002
70 1004
72 1025
73 1038
74 1065
77 1106
78 1121
79 1123
80 1148
81 1158
81 1160
82 1170
82 1173
84 1195
85 1208
85 1209
85 1211
86 1228
88 1259
92 1314
93 1327
94 1349
95 1361
96 1377
97 1390
98 1396
98 1405
99 1408
99 1417
100 1421
100
0 12
1 24
2 46
4 82
7 133
8 158
10 196
12 228
14 279
15 288
17 319
18 347
18 351
19 357
19 361
20 392
24 449
24 466
25 481
26 491
26 495
27 517
27 517
27 519
28 524
28 540
29 552
31 586
31 590
31 591
32 612
32 616
33 626
36 677
37 694
39 746
40 758
40 764
40 766
41 782
42 792
45 842
45 853
45 856
45 858
46 869
47 889
47 892
50 936
50 941
52 974
53 994
53 997
54 1021
56 1055
57 1073
57 1077
58 1099
60 1127
61 1147
63 1181
63 1194
64 1209
65 1217
65 1219
65 1232
66 1243
68 1289
69 1295
69 1296
69 1296
70 1309
70 1326
71 1331
71 1337
71 1345
72 1354
74 1391
77 1457
78 1460
78 1472
80 1505
81 1528
83 1554
84 1572
89 1668
90 1687
92 1732
92 1738
92 1738
93 1747
93 1748
94 1769
97 1816
97 1819
97 1821
98 1841
98 1841
98 1842
99 1860
100
0 2
0 8
0 11
0 12
2 31
2 32
2 33
3 48
5 70
8 106
8 109
9 113
10 126
10 136
11 144
11 149
12 151
13 171
14 176
16 208
16 210
16 211
17 221
19 241
22 277
22 281
22 282
22 287
25 313
25 314
25 315
26 330
28 362
29 368
30 380
31 394
32 400
33 414
33 421
34 435
35 440
38 475
39 490
39 497
40 506
41 513
43 548
44 559
46 581
47 598
49 615
49 617
50 625
50 627
52 654
53 672
53 673
54 676
54 682
55 690
57 721
57 722
60 751
60 760
61 766
62 779
62 783
63 792
64 802
64 803
64 807
69 874
70 877
70 878
73 924
75 938
75 947
78 979
78 986
79 990
79 992
80 1007
82 1030
83 1048
84 1059
85 1064
85 1065
86 1077
86 1082
87 1091
87 1098
88 1107
91 1137
93 1163
93 1169
94 1182
95 1190
95 1191
96 1200
100 1249
100
2 25
2 25
2 30
3 43
9 106
9 107
11 125
12 143
13 152
13 155
16 178
16 186
17 193
17 198
21 236
21 237
21 242
22 250
27 310
30 340
31 345
31 348
31 351
31 352
31 352
33 372
33 375
35 390
38 431
39 439
39 440
40 447
40 449
40 452
41 459
41 462
43 479
43 483
43 485
45 505
46 520
47 523
47 523
47 524
49 547
50 562
52 580
52 580
52 586
53 592
53 596
54 609
55 616
56 624
58 643
58 650
59 656
59 662
61 685
61 685
62 688
62 689
62 693
63 703
63 705
64 712
64 717
65 725
67 744
67 745
68 754
68 760
69 773
70 782
71 787
71 789
71 795
74 822
75 842
76 848
78 866
78 874
81 908
82 916
84 932
87 969
87 975
90 999
90 999
90 1000
90 1004
93 1037
94 1046
96 1065
97 1081
99 1097
99 1098
99 1100
99 1101
100 1108
