100
292167 25040 541 9969
0 68618 2 3181
272816 209577 426 9962
146211 141657 613 9982
368797 602243 845 9963
566221 634855 539 9931
723711 128089 752 5552
981156 881799 670 9934
883877 686387 223 5764
341561 996334 652 5944
751124 786952 796 9945
251020 55506 73 9888
193117 359879 94 9934
434897 636044 281 9932
767744 507485 219 9944
0 0 541 9296
0 0 1000 10000
0 0 248 1
952784 649702 431 9901
565160 538746 66 8876
63568 89151 38 1241
966274 960925 992 1688
105185 207466 382 9968
331795 8632 783 1808
183660 707392 636 9930
954794 975079 756 9593
887462 227611 583 8767
778629 983102 429 1711
346075 516535 17 9946
378224 484675 435 6186
558073 360884 756 7404
38349 273165 541 9933
448342 786279 5 8751
0 0 10 5
895108 17516 404 9972
183117 992179 784 9959
582254 747654 974 568
495618 461330 724 9976
720804 589877 58 973
879844 436864 943 9916
999882 792782 993 3723
36532 144983 798 7560
35233 626216 355 9809
625183 147321 168 9971
742416 941059 691 4178
801998 540236 11 9939
106113 578879 158 5923
255974 510332 916 9949
460239 384725 692 1133
581801 0 763 1
43884 388389 277 9925
627953 287184 891 9976
491300 551467 350 3702
438755 535066 327 9973
431174 190554 876 9934
926602 236199 429 2848
351948 652796 446 9971
647651 64880 931 4319
788645 287509 491 9957
614245 287025 732 3950
266122 167549 178 8564
749864 205724 116 5688
253265 399007 136 9962
164048 618366 400 9934
212754 482098 806 5203
178536 91968 989 8236
515311 819006 532 2329
641540 494742 57 9267
727571 115108 404 2345
607441 226575 124 9968
591940 776938 944 8240
238045 599592 405 9295
972440 526347 47 9953
777055 144810 245 6982
104392 780960 387 9936
727449 118170 955 2984
334413 292732 855 8471
81638 699972 833 9932
986194 918537 341 9983
854812 242760 177 3840
457569 192327 66 9508
306677 403137 710 1763
680100 881218 191 9961
187582 0 960 1
772428 390004 462 9927
415876 840347 401 9974
147156 934894 730 9949
0 902354 119 1
0 0 100 199
52930 850708 997 3636
516474 90292 677 9993
694095 61461 439 9939
771106 0 904 6079
654869 807327 652 2755
770618 270004 584 9991
275214 605209 700 9938
710101 422832 214 9920
294979 179538 400 7600
728736 227400 927 9978
678920 790398 396 9983
