50
1000 1 19 15 17 14 8 20
1000 8 19 14 16 1 4 20
1000 10 12 9 15 14 1 20
1000 0 999995001 1 0 10000 10000 1000000000
2 325020598 878715690 0 0 87996526 254273418 918383574
4 183127907 374695491 0 0 809799011 617839027 964534850
1 141825443 759316557 0 0 601921656 658271029 965032069
1 25681258 115203671 0 0 790682081 81839357 997601952
1 14591450 537810816 0 0 129896355 284494328 954033300
1000 730358288 758452881 0 0 57026431 774644372 990684072
1000 22780440 87565600 0 0 237748391 210919047 993557722
1000 385489281 935283438 0 0 975502215 683693128 895893339
1000 78285199 933656992 0 0 735219165 310928358 997386985
1000 247658384 565300278 0 0 8541876 320791563 957937030
1000 423688803 469941934 166915078 468655275 0 0 972889072
1000 283780691 678207157 917210563 204717253 0 0 925850498
1000 41172344 421152393 13415744 205933948 0 0 987339826
1000 100246547 815974699 834648353 345643576 0 0 985983888
1000 446631531 580832798 289978202 471864312 0 0 991850980
1000 133853137 368423870 449252887 258961347 390536511 70936771 985481968
1000 19650967 120327896 146704174 924934130 557062653 770822275 997445662
1000 62011732 914664302 862751561 698527168 647469415 584702517 991027651
1000 158857942 223880915 339860175 127047217 404903743 272435257 976844477
1000 2823438 620943558 5915345 51048785 353760312 173731077 995052165
1000 547108480 581237848 757742487 978881404 574647996 600334908 954344896
1000 618621135 785742651 139964166 192511048 186811168 754900926 982034285
1000 290277087 403534730 723227967 826542662 627226846 694021513 888057030
1000 131514035 892843898 844006970 585184200 359518046 126600747 888931169
1000 533361738 600952902 354944252 351404186 65047492 143834834 989588931
1000 131951075 857739802 916207222 429600912 105582750 170224648 990631017
1000 298366505 618997502 299964319 391213785 238925549 649464945 995608345
1000 610947 511113485 143489437 447563999 881062101 106128203 948443872
1000 309253983 805927876 677839255 431327487 989517613 598266155 939821928
1000 583474972 744134405 803102372 74421544 131853484 595283674 943175233
1000 503334788 669950725 313098862 157076764 47450681 326984506 971348522
1000 332847846 559530923 272939758 131157960 192961706 315759424 957180336
1000 14249220 314969003 944854428 234062745 569221802 453350040 992127812
1000 500674740 701353653 318104852 95996419 304788085 360955580 992244599
1000 82843955 787229699 598046670 960626146 49951414 223108924 989817336
1000 280912158 529776515 115454128 219523033 613033665 823643379 969338890
1000 144898101 528745545 302435931 486783163 201972234 728518000 864400836
1000 845733210 888228311 289084068 180094255 220412571 858459991 986955999
989 369882171 964924106 964387927 930452638 66330701 868148408 944362508
994 184305897 553390582 784108796 366178290 979051498 239927133 976744748
973 70514694 720614228 32541893 293096407 493021251 14049629 943534938
970 277708136 368942842 784531980 910971948 10125202 378426055 992753520
1000 704019523 943878502 825811978 633664903 786197613 509895935 994082110
1000 235141338 852138673 766868033 307344852 948188246 724095916 989074114
1000 524874655 877723554 142934706 621730836 496359943 69212314 986272000
1000 482564222 503179463 552414739 794072705 557111490 135860507 992138331
